return {
 ["anim_130226548111474"] = {
 {Time = 0.000, Data = {
 ["Head"] = CFrame.new(0.000000, 0.000000, 0.000000, 1.000000, 0.000000, 0.000000, 0.000000, 0.691755, -0.722132, 0.000000, 0.722132, 0.691755),
 ["HumanoidRootPart"] = CFrame.new(0.000000, 0.000000, 0.000000, 1.000000, 0.000000, 0.000000, 0.000000, 1.000000, 0.000000, 0.000000, 0.000000, 1.000000),
 ["LeftLowerArm"] = CFrame.new(0.000000, 0.000000, 0.000000, 1.000000, 0.000000, 0.000000, 0.000000, 0.544638, -0.838671, 0.000000, 0.838671, 0.544638),
 ["LeftLowerLeg"] = CFrame.new(0.000000, 0.000000, 0.000000, 1.000000, 0.000000, 0.000000, 0.000000, 0.910322, 0.413900, 0.000000, -0.413900, 0.910322),
 ["LeftUpperArm"] = CFrame.new(0.000000, 0.000000, 0.000000, 1.000000, 0.000000, 0.000000, 0.000000, -0.623362, -0.781933, 0.000000, 0.781933, -0.623362),
 ["LeftUpperLeg"] = CFrame.new(0.000000, 0.000000, 0.000000, 1.000000, 0.000000, 0.000000, 0.000000, 0.929361, 0.369172, 0.000000, -0.369172, 0.929361),
 ["LowerTorso"] = CFrame.new(0.000000, 0.000000, 0.000000, 1.000000, 0.000000, 0.000000, 0.000000, -0.593060, 0.805158, 0.000000, -0.805158, -0.593060),
 ["RightLowerArm"] = CFrame.new(0.000000, 0.000000, 0.000000, 1.000000, 0.000000, 0.000000, 0.000000, 0.842716, -0.538358, 0.000000, 0.538358, 0.842716),
 ["RightLowerLeg"] = CFrame.new(0.000000, 0.000000, 0.000000, 1.000000, 0.000000, 0.000000, 0.000000, 0.876031, 0.482254, 0.000000, -0.482254, 0.876031),
 ["RightUpperArm"] = CFrame.new(0.000000, 0.000000, 0.000000, 1.000000, 0.000000, 0.000000, 0.000000, -0.834696, -0.550710, 0.000000, 0.550710, -0.834696),
 ["RightUpperLeg"] = CFrame.new(0.000000, 0.000000, 0.000000, 1.000000, 0.000000, 0.000000, 0.000000, 0.904720, -0.426006, 0.000000, 0.426006, 0.904720),
 ["UpperTorso"] = CFrame.new(0.000000, 0.000000, 0.000000, 1.000000, 0.000000, 0.000000, 0.000000, 1.000000, 0.000000, 0.000000, 0.000000, 1.000000),
 }},
 {Time = 0.333, Data = {
 ["Head"] = CFrame.new(0.000000, 0.000000, 0.000000, 1.000000, 0.000000, 0.000000, 0.000000, 0.818087, 0.575094, 0.000000, -0.575094, 0.818087),
 ["HumanoidRootPart"] = CFrame.new(-0.200000, 0.400000, 0.600000, 1.000000, 0.000000, 0.000000, 0.000000, 0.965926, -0.258819, 0.000000, 0.258819, 0.965926),
 ["LeftLowerArm"] = CFrame.new(0.000000, 0.000000, 0.000000, 1.000000, 0.000000, 0.000000, 0.000000, 0.098989, -0.995088, 0.000000, 0.995088, 0.098989),
 ["LeftUpperArm"] = CFrame.new(-0.000001, 0.279424, -0.126995, 1.000000, 0.000000, 0.000000, 0.000000, -0.087710, -0.996146, 0.000000, 0.996146, -0.087710),
 ["LowerTorso"] = CFrame.new(0.000000, 0.000000, 0.000000, 1.000000, 0.000000, 0.000000, 0.000000, 0.640392, 0.768049, 0.000000, -0.768049, 0.640392),
 ["RightLowerArm"] = CFrame.new(-0.000001, 0.000001, 0.000000, 1.000000, 0.000000, 0.000000, 0.000000, 0.458546, -0.888671, 0.000000, 0.888671, 0.458546),
 ["RightUpperArm"] = CFrame.new(0.000000, 0.184778, -0.035219, 1.000000, 0.000000, 0.000000, 0.000000, -0.422077, -0.906560, 0.000000, 0.906560, -0.422077),
 ["UpperTorso"] = CFrame.new(-0.000001, 0.000000, 0.000000, 1.000000, 0.000000, 0.000000, 0.000000, -0.410367, 0.911921, 0.000000, -0.911921, -0.410367),
 }},
 {Time = 0.575, Data = {
 ["HumanoidRootPart"] = CFrame.new(-0.400000, 0.200000, 1.200000, 1.000000, 0.000000, 0.000000, 0.000000, 0.866025, -0.500000, 0.000000, 0.500000, 0.866025),
 ["LeftUpperLeg"] = CFrame.new(0.000000, 0.000000, 0.000000, 1.000000, 0.000000, 0.000000, 0.000000, 0.514546, 0.857462, 0.000000, -0.857462, 0.514546),
 ["LowerTorso"] = CFrame.new(0.000000, 0.000000, 0.000000, 1.000000, 0.000000, 0.000000, 0.000000, -0.042725, 0.999087, 0.000000, -0.999087, -0.042725),
 ["RightUpperLeg"] = CFrame.new(0.000001, 0.000000, 0.000000, 1.000000, 0.000000, 0.000000, 0.000000, 0.906453, 0.422306, 0.000000, -0.422306, 0.906453),
 ["UpperTorso"] = CFrame.new(-0.000001, 0.000000, 0.000001, 0.999999, 0.000000, 0.000000, 0.000000, 0.116742, 0.993162, 0.000000, -0.993162, 0.116742),
 }},
 {Time = 0.750, Data = {
 ["Head"] = CFrame.new(-0.000001, -0.000001, 0.000000, 0.999999, 0.000000, 0.000000, 0.000000, 0.596953, 0.802276, 0.000000, -0.802276, 0.596953),
 ["HumanoidRootPart"] = CFrame.new(-0.600000, 0.000000, 1.600000, 1.000000, 0.000000, 0.000000, 0.000000, 0.707107, -0.707107, 0.000000, 0.707107, 0.707107),
 ["LeftUpperLeg"] = CFrame.new(-0.000001, 0.000000, 0.000000, 0.999999, 0.000000, 0.000000, 0.000000, -0.227417, 0.973798, 0.000000, -0.973798, -0.227417),
 ["LowerTorso"] = CFrame.new(0.000000, 0.000000, 0.000000, 1.000000, 0.000000, 0.000000, 0.000000, -0.724243, 0.689545, 0.000000, -0.689545, -0.724243),
 ["RightUpperLeg"] = CFrame.new(0.000002, 0.000000, 0.000000, 0.999999, 0.000000, 0.000000, 0.000000, 0.296104, 0.955156, 0.000000, -0.955156, 0.296104),
 ["UpperTorso"] = CFrame.new(-0.000002, 0.000000, 0.000000, 0.999999, 0.000000, 0.000000, 0.000000, 0.579015, 0.815317, 0.000000, -0.815317, 0.579015),
 }},
 {Time = 0.867, Data = {
 ["HumanoidRootPart"] = CFrame.new(-0.700000, -0.100000, 1.800000, 1.000000, 0.000000, 0.000000, 0.000000, 0.500000, -0.866025, 0.000000, 0.866025, 0.500000),
 ["LeftUpperArm"] = CFrame.new(-0.000001, 0.279423, -0.126995, 1.000000, 0.000000, 0.000000, 0.000000, 0.278638, -0.960396, 0.000000, 0.960396, 0.278638),
 ["LowerTorso"] = CFrame.new(0.000000, 0.000000, 0.000000, 0.999999, 0.000000, 0.000000, 0.000000, -0.999701, -0.024461, 0.000000, 0.024461, -0.999701),
 ["RightUpperArm"] = CFrame.new(0.000000, 0.184778, -0.035218, 1.000000, 0.000000, 0.000000, 0.000000, 0.112753, -0.993623, 0.000000, 0.993623, 0.112753),
 ["RightUpperLeg"] = CFrame.new(0.000002, 0.000000, 0.000000, 1.000000, 0.000000, 0.000000, 0.000000, -0.319513, 0.947582, 0.000000, -0.947582, -0.319513),
 ["UpperTorso"] = CFrame.new(0.000000, 0.000000, 0.000000, 1.000000, 0.000000, 0.000000, 0.000000, 1.000000, 0.000000, 0.000000, 0.000000, 1.000000),
 }},
 {Time = 0.958, Data = {
 ["HumanoidRootPart"] = CFrame.new(-0.700000, -0.200000, 1.800000, 1.000000, 0.000000, 0.000000, 0.000000, 0.342020, -0.939693, 0.000000, 0.939693, 0.342020),
 ["LeftUpperArm"] = CFrame.new(-0.000001, 0.279423, -0.126996, 1.000000, 0.000000, 0.000000, 0.000000, 0.792928, -0.609316, 0.000000, 0.609316, 0.792928),
 ["LowerTorso"] = CFrame.new(0.000000, 0.000000, 0.000000, 1.000000, 0.000000, 0.000000, 0.000000, -0.689553, -0.724235, 0.000000, 0.724235, -0.689553),
 ["RightUpperArm"] = CFrame.new(0.000000, 0.184778, -0.035218, 1.000000, 0.000000, 0.000000, 0.000000, 0.701088, -0.713075, 0.000000, 0.713075, 0.701088),
 ["RightUpperLeg"] = CFrame.new(0.000001, 0.000000, 0.000000, 1.000000, 0.000000, 0.000000, 0.000000, -0.796607, 0.604498, 0.000000, -0.604498, -0.796607),
 ["UpperTorso"] = CFrame.new(0.000000, 0.000000, 0.000000, 1.000000, 0.000000, 0.000000, 0.000000, 1.000000, 0.000000, 0.000000, 0.000000, 1.000000),
 }},
 {Time = 1.058, Data = {
 ["HumanoidRootPart"] = CFrame.new(-0.600000, -0.300000, 1.600000, 1.000000, 0.000000, 0.000000, 0.000000, 0.173648, -0.984808, 0.000000, 0.984808, 0.173648),
 ["LeftUpperArm"] = CFrame.new(0.000000, 0.279423, -0.126995, 1.000000, 0.000000, 0.000000, 0.000000, 0.991040, -0.133561, 0.000000, 0.133561, 0.991040),
 ["LowerTorso"] = CFrame.new(0.000000, 0.000000, 0.000000, 1.000000, 0.000000, 0.000000, 0.000000, 0.024611, -0.999697, 0.000000, 0.999697, 0.024611),
 ["RightUpperArm"] = CFrame.new(0.000000, 0.184778, -0.035218, 1.000000, 0.000000, 0.000000, 0.000000, 0.971532, -0.236906, 0.000000, 0.236906, 0.971532),
 ["UpperTorso"] = CFrame.new(0.000000, 0.000000, 0.000000, 1.000000, 0.000000, 0.000000, 0.000000, 1.000000, 0.000000, 0.000000, 0.000000, 1.000000),
 }},
 {Time = 1.233, Data = {
 ["HumanoidRootPart"] = CFrame.new(-0.400000, -0.200000, 1.200000, 1.000000, 0.000000, 0.000000, 0.000000, -0.173648, -0.984808, 0.000000, 0.984808, -0.173648),
 ["LowerTorso"] = CFrame.new(0.000000, 0.000000, 0.000000, 1.000000, 0.000000, 0.000000, 0.000000, 0.724274, -0.689512, 0.000000, 0.689512, 0.724274),
 }},
 {Time = 1.492, Data = {
 ["HumanoidRootPart"] = CFrame.new(-0.200000, -0.100000, 0.600000, 1.000000, 0.000000, 0.000000, 0.000000, -0.500000, -0.866025, 0.000000, 0.866025, -0.500000),
 ["LowerTorso"] = CFrame.new(0.000000, 0.000000, 0.000000, 1.000000, 0.000000, 0.000000, 0.000000, 0.999698, 0.024564, 0.000000, -0.024564, 0.999698),
 }},
 {Time = 1.758, Data = {
 ["Head"] = CFrame.new(-0.000001, -0.000001, 0.000000, 1.000000, 0.000000, 0.000000, 0.000000, 0.279170, -0.960242, 0.000000, 0.960242, 0.279170),
 ["HumanoidRootPart"] = CFrame.new(-0.050000, 0.100000, 0.150000, 1.000000, 0.000000, 0.000000, 0.000000, -0.866025, -0.500000, 0.000000, 0.500000, -0.866025),
 ["LeftLowerArm"] = CFrame.new(0.000000, 0.000000, 0.000000, 0.999999, 0.000000, 0.000000, 0.000000, 0.929249, -0.369454, 0.000000, 0.369454, 0.929249),
 ["LeftUpperArm"] = CFrame.new(-0.000001, 0.279423, -0.126996, 1.000000, 0.000000, 0.000000, 0.000000, -0.931103, -0.364758, 0.000000, 0.364758, -0.931103),
 ["LowerTorso"] = CFrame.new(0.000000, 0.000000, 0.000000, 1.000000, 0.000000, 0.000000, 0.000000, 0.496922, 0.867795, 0.000000, -0.867795, 0.496922),
 ["RightLowerArm"] = CFrame.new(-0.000001, 0.000002, 0.000000, 1.000000, 0.000000, 0.000000, 0.000000, 0.945540, -0.325506, 0.000000, 0.325506, 0.945540),
 ["RightUpperArm"] = CFrame.new(0.000000, 0.184778, -0.035219, 1.000000, 0.000000, 0.000000, 0.000000, -0.876405, -0.481575, 0.000000, 0.481575, -0.876405),
 ["UpperTorso"] = CFrame.new(0.000000, 0.000000, 0.000000, 1.000000, 0.000000, 0.000000, 0.000000, 1.000000, 0.000000, 0.000000, 0.000000, 1.000000),
 }},
 {Time = 2.000, Data = {
 ["Head"] = CFrame.new(0.000000, 0.000000, 0.000000, 1.000000, 0.000000, 0.000000, 0.000000, 0.691755, -0.722132, 0.000000, 0.722132, 0.691755),
 ["HumanoidRootPart"] = CFrame.new(0.000000, 0.000000, 0.000000, 1.000000, 0.000000, 0.000000, 0.000000, 1.000000, 0.000000, 0.000000, 0.000000, 1.000000),
 ["LeftLowerArm"] = CFrame.new(0.000000, 0.000000, 0.000000, 1.000000, 0.000000, 0.000000, 0.000000, 0.544638, -0.838671, 0.000000, 0.838671, 0.544638),
 ["LeftLowerLeg"] = CFrame.new(0.000000, 0.000000, 0.000000, 1.000000, 0.000000, 0.000000, 0.000000, 0.910322, 0.413900, 0.000000, -0.413900, 0.910322),
 ["LeftUpperArm"] = CFrame.new(0.000000, 0.000000, 0.000000, 1.000000, 0.000000, 0.000000, 0.000000, -0.623362, -0.781933, 0.000000, 0.781933, -0.623362),
 ["LeftUpperLeg"] = CFrame.new(0.000000, 0.000000, 0.000000, 1.000000, 0.000000, 0.000000, 0.000000, 0.929361, 0.369172, 0.000000, -0.369172, 0.929361),
 ["LowerTorso"] = CFrame.new(0.000000, 0.000000, 0.000000, 1.000000, 0.000000, 0.000000, 0.000000, -0.593060, 0.805158, 0.000000, -0.805158, -0.593060),
 ["RightLowerArm"] = CFrame.new(0.000000, 0.000000, 0.000000, 1.000000, 0.000000, 0.000000, 0.000000, 0.842716, -0.538358, 0.000000, 0.538358, 0.842716),
 ["RightLowerLeg"] = CFrame.new(0.000000, 0.000000, 0.000000, 1.000000, 0.000000, 0.000000, 0.000000, 0.876031, 0.482254, 0.000000, -0.482254, 0.876031),
 ["RightUpperArm"] = CFrame.new(0.000000, 0.000000, 0.000000, 1.000000, 0.000000, 0.000000, 0.000000, -0.834696, -0.550710, 0.000000, 0.550710, -0.834696),
 ["RightUpperLeg"] = CFrame.new(0.000000, 0.000000, 0.000000, 1.000000, 0.000000, 0.000000, 0.000000, 0.904720, -0.426006, 0.000000, 0.426006, 0.904720),
 ["UpperTorso"] = CFrame.new(0.000000, 0.000000, 0.000000, 1.000000, 0.000000, 0.000000, 0.000000, 1.000000, 0.000000, 0.000000, 0.000000, 1.000000),
 }},
 },
}
