return {
 ["anim_130226548111474"] = {
 {Time = 0.000, Data = {
 ["HumanoidRootPart"] = CFrame.new(0.000000, 0.000000, 0.000000, 1.000000, 0.000000, 0.000000, 0.000000, 1.000000, 0.000000, 0.000000, 0.000000, 1.000000),
 ["UpperTorso"] = CFrame.new(0.000000, 0.000000, 0.000000, 1.000000, 0.000000, 0.000000, 0.000000, 1.000000, 0.000000, 0.000000, 0.000000, 1.000000),
 ["LowerTorso"] = CFrame.new(0.000000, 0.000000, 0.000000, 1.000000, 0.000000, 0.000000, 0.000000, 1.000000, 0.000000, 0.000000, 0.000000, 1.000000),
 ["Head"] = CFrame.new(0.000000, 0.000000, 0.000000, 1.000000, 0.000000, 0.000000, 0.000000, 1.000000, 0.000000, 0.000000, 0.000000, 1.000000),
 ["LeftUpperArm"] = CFrame.new(0.000000, 0.000000, 0.000000, 1.000000, 0.000000, 0.000000, 0.000000, 1.000000, 0.000000, 0.000000, 0.000000, 1.000000),
 ["LeftLowerArm"] = CFrame.new(0.000000, 0.000000, 0.000000, 1.000000, 0.000000, 0.000000, 0.000000, 1.000000, 0.000000, 0.000000, 0.000000, 1.000000),
 ["RightUpperArm"] = CFrame.new(0.000000, 0.000000, 0.000000, 1.000000, 0.000000, 0.000000, 0.000000, 1.000000, 0.000000, 0.000000, 0.000000, 1.000000),
 ["RightLowerArm"] = CFrame.new(0.000000, 0.000000, 0.000000, 1.000000, 0.000000, 0.000000, 0.000000, 1.000000, 0.000000, 0.000000, 0.000000, 1.000000),
 ["LeftUpperLeg"] = CFrame.new(0.000000, 0.000000, 0.000000, 1.000000, 0.000000, 0.000000, 0.000000, 1.000000, 0.000000, 0.000000, 0.000000, 1.000000),
 ["LeftLowerLeg"] = CFrame.new(0.000000, 0.000000, 0.000000, 1.000000, 0.000000, 0.000000, 0.000000, 1.000000, 0.000000, 0.000000, 0.000000, 1.000000),
 ["RightUpperLeg"] = CFrame.new(0.000000, 0.000000, 0.000000, 1.000000, 0.000000, 0.000000, 0.000000, 1.000000, 0.000000, 0.000000, 0.000000, 1.000000),
 ["RightLowerLeg"] = CFrame.new(0.000000, 0.000000, 0.000000, 1.000000, 0.000000, 0.000000, 0.000000, 1.000000, 0.000000, 0.000000, 0.000000, 1.000000),
 }},
 {Time = 0.125, Data = {
 ["HumanoidRootPart"] = CFrame.new(0.000000, 0.300000, 0.500000, 0.998630, 0.000000, -0.052336, 0.000000, 1.000000, 0.000000, 0.052336, 0.000000, 0.998630),
 ["UpperTorso"] = CFrame.new(0.000000, 0.000000, 0.000000, 1.000000, 0.000000, 0.000000, 0.000000, 1.000000, 0.000000, 0.000000, 0.000000, 1.000000),
 ["LowerTorso"] = CFrame.new(0.000000, 0.000000, 0.000000, 1.000000, 0.000000, 0.000000, 0.000000, 1.000000, 0.000000, 0.000000, 0.000000, 1.000000),
 ["Head"] = CFrame.new(0.000000, 0.000000, 0.000000, 1.000000, 0.000000, 0.000000, 0.000000, 0.996195, 0.087156, 0.000000, -0.087156, 0.996195),
 ["LeftUpperArm"] = CFrame.new(0.000000, 0.000000, 0.000000, 1.000000, 0.000000, 0.000000, 0.000000, 0.996195, -0.087156, 0.000000, 0.087156, 0.996195),
 ["LeftLowerArm"] = CFrame.new(0.000000, 0.000000, 0.000000, 1.000000, 0.000000, 0.000000, 0.000000, 0.996195, -0.087156, 0.000000, 0.087156, 0.996195),
 ["RightUpperArm"] = CFrame.new(0.000000, 0.000000, 0.000000, 1.000000, 0.000000, 0.000000, 0.000000, 0.996195, -0.087156, 0.000000, 0.087156, 0.996195),
 ["RightLowerArm"] = CFrame.new(0.000000, 0.000000, 0.000000, 1.000000, 0.000000, 0.000000, 0.000000, 0.996195, -0.087156, 0.000000, 0.087156, 0.996195),
 ["LeftUpperLeg"] = CFrame.new(0.000000, 0.000000, 0.000000, 1.000000, 0.000000, 0.000000, 0.000000, 0.996195, 0.087156, 0.000000, -0.087156, 0.996195),
 ["LeftLowerLeg"] = CFrame.new(0.000000, 0.000000, 0.000000, 1.000000, 0.000000, 0.000000, 0.000000, 0.996195, 0.087156, 0.000000, -0.087156, 0.996195),
 ["RightUpperLeg"] = CFrame.new(0.000000, 0.000000, 0.000000, 1.000000, 0.000000, 0.000000, 0.000000, 0.996195, 0.087156, 0.000000, -0.087156, 0.996195),
 ["RightLowerLeg"] = CFrame.new(0.000000, 0.000000, 0.000000, 1.000000, 0.000000, 0.000000, 0.000000, 0.996195, 0.087156, 0.000000, -0.087156, 0.996195),
 }},
 {Time = 0.250, Data = {
 ["HumanoidRootPart"] = CFrame.new(0.000000, 0.500000, 1.000000, 0.987688, 0.000000, -0.156434, 0.000000, 1.000000, 0.000000, 0.156434, 0.000000, 0.987688),
 ["UpperTorso"] = CFrame.new(0.000000, 0.000000, 0.000000, 1.000000, 0.000000, 0.000000, 0.000000, 1.000000, 0.000000, 0.000000, 0.000000, 1.000000),
 ["LowerTorso"] = CFrame.new(0.000000, 0.000000, 0.000000, 1.000000, 0.000000, 0.000000, 0.000000, 1.000000, 0.000000, 0.000000, 0.000000, 1.000000),
 ["Head"] = CFrame.new(0.000000, 0.000000, 0.000000, 1.000000, 0.000000, 0.000000, 0.000000, 0.984808, 0.173648, 0.000000, -0.173648, 0.984808),
 ["LeftUpperArm"] = CFrame.new(0.000000, 0.100000, -0.050000, 1.000000, 0.000000, 0.000000, 0.000000, 0.984808, -0.173648, 0.000000, 0.173648, 0.984808),
 ["LeftLowerArm"] = CFrame.new(0.000000, 0.000000, 0.000000, 1.000000, 0.000000, 0.000000, 0.000000, 0.984808, -0.173648, 0.000000, 0.173648, 0.984808),
 ["RightUpperArm"] = CFrame.new(0.000000, 0.100000, -0.050000, 1.000000, 0.000000, 0.000000, 0.000000, 0.984808, -0.173648, 0.000000, 0.173648, 0.984808),
 ["RightLowerArm"] = CFrame.new(0.000000, 0.000000, 0.000000, 1.000000, 0.000000, 0.000000, 0.000000, 0.984808, -0.173648, 0.000000, 0.173648, 0.984808),
 ["LeftUpperLeg"] = CFrame.new(0.000000, 0.000000, 0.000000, 1.000000, 0.000000, 0.000000, 0.000000, 0.984808, 0.173648, 0.000000, -0.173648, 0.984808),
 ["LeftLowerLeg"] = CFrame.new(0.000000, 0.000000, 0.000000, 1.000000, 0.000000, 0.000000, 0.000000, 0.984808, 0.173648, 0.000000, -0.173648, 0.984808),
 ["RightUpperLeg"] = CFrame.new(0.000000, 0.000000, 0.000000, 1.000000, 0.000000, 0.000000, 0.000000, 0.984808, 0.173648, 0.000000, -0.173648, 0.984808),
 ["RightLowerLeg"] = CFrame.new(0.000000, 0.000000, 0.000000, 1.000000, 0.000000, 0.000000, 0.000000, 0.984808, 0.173648, 0.000000, -0.173648, 0.984808),
 }},
 {Time = 0.375, Data = {
 ["HumanoidRootPart"] = CFrame.new(-0.100000, 0.600000, 1.500000, 0.965926, 0.000000, -0.258819, 0.000000, 1.000000, 0.000000, 0.258819, 0.000000, 0.965926),
 ["UpperTorso"] = CFrame.new(0.000000, 0.000000, 0.000000, 1.000000, 0.000000, 0.000000, 0.000000, 1.000000, 0.000000, 0.000000, 0.000000, 1.000000),
 ["LowerTorso"] = CFrame.new(0.000000, 0.000000, 0.000000, 1.000000, 0.000000, 0.000000, 0.000000, 1.000000, 0.000000, 0.000000, 0.000000, 1.000000),
 ["Head"] = CFrame.new(0.000000, 0.000000, 0.000000, 1.000000, 0.000000, 0.000000, 0.000000, 0.965926, 0.258819, 0.000000, -0.258819, 0.965926),
 ["LeftUpperArm"] = CFrame.new(0.000000, 0.150000, -0.100000, 1.000000, 0.000000, 0.000000, 0.000000, 0.965926, -0.258819, 0.000000, 0.258819, 0.965926),
 ["LeftLowerArm"] = CFrame.new(0.000000, 0.000000, 0.000000, 1.000000, 0.000000, 0.000000, 0.000000, 0.965926, -0.258819, 0.000000, 0.258819, 0.965926),
 ["RightUpperArm"] = CFrame.new(0.000000, 0.150000, -0.100000, 1.000000, 0.000000, 0.000000, 0.000000, 0.965926, -0.258819, 0.000000, 0.258819, 0.965926),
 ["RightLowerArm"] = CFrame.new(0.000000, 0.000000, 0.000000, 1.000000, 0.000000, 0.000000, 0.000000, 0.965926, -0.258819, 0.000000, 0.258819, 0.965926),
 ["LeftUpperLeg"] = CFrame.new(0.000000, 0.000000, 0.000000, 1.000000, 0.000000, 0.000000, 0.000000, 0.965926, 0.258819, 0.000000, -0.258819, 0.965926),
 ["LeftLowerLeg"] = CFrame.new(0.000000, 0.000000, 0.000000, 1.000000, 0.000000, 0.000000, 0.000000, 0.965926, 0.258819, 0.000000, -0.258819, 0.965926),
 ["RightUpperLeg"] = CFrame.new(0.000000, 0.000000, 0.000000, 1.000000, 0.000000, 0.000000, 0.000000, 0.965926, 0.258819, 0.000000, -0.258819, 0.965926),
 ["RightLowerLeg"] = CFrame.new(0.000000, 0.000000, 0.000000, 1.000000, 0.000000, 0.000000, 0.000000, 0.965926, 0.258819, 0.000000, -0.258819, 0.965926),
 }},
 {Time = 0.500, Data = {
 ["HumanoidRootPart"] = CFrame.new(-0.200000, 0.500000, 2.000000, 0.923880, 0.000000, -0.382683, 0.000000, 1.000000, 0.000000, 0.382683, 0.000000, 0.923880),
 ["UpperTorso"] = CFrame.new(0.000000, 0.000000, 0.000000, 1.000000, 0.000000, 0.000000, 0.000000, 1.000000, 0.000000, 0.000000, 0.000000, 1.000000),
 ["LowerTorso"] = CFrame.new(0.000000, 0.000000, 0.000000, 1.000000, 0.000000, 0.000000, 0.000000, 1.000000, 0.000000, 0.000000, 0.000000, 1.000000),
 ["Head"] = CFrame.new(0.000000, 0.000000, 0.000000, 1.000000, 0.000000, 0.000000, 0.000000, 0.923880, 0.382683, 0.000000, -0.382683, 0.923880),
 ["LeftUpperArm"] = CFrame.new(0.000000, 0.200000, -0.150000, 1.000000, 0.000000, 0.000000, 0.000000, 0.923880, -0.382683, 0.000000, 0.382683, 0.923880),
 ["LeftLowerArm"] = CFrame.new(0.000000, 0.000000, 0.000000, 1.000000, 0.000000, 0.000000, 0.000000, 0.923880, -0.382683, 0.000000, 0.382683, 0.923880),
 ["RightUpperArm"] = CFrame.new(0.000000, 0.200000, -0.150000, 1.000000, 0.000000, 0.000000, 0.000000, 0.923880, -0.382683, 0.000000, 0.382683, 0.923880),
 ["RightLowerArm"] = CFrame.new(0.000000, 0.000000, 0.000000, 1.000000, 0.000000, 0.000000, 0.000000, 0.923880, -0.382683, 0.000000, 0.382683, 0.923880),
 ["LeftUpperLeg"] = CFrame.new(0.000000, 0.000000, 0.000000, 1.000000, 0.000000, 0.000000, 0.000000, 0.923880, 0.382683, 0.000000, -0.382683, 0.923880),
 ["LeftLowerLeg"] = CFrame.new(0.000000, 0.000000, 0.000000, 1.000000, 0.000000, 0.000000, 0.000000, 0.923880, 0.382683, 0.000000, -0.382683, 0.923880),
 ["RightUpperLeg"] = CFrame.new(0.000000, 0.000000, 0.000000, 1.000000, 0.000000, 0.000000, 0.000000, 0.923880, 0.382683, 0.000000, -0.382683, 0.923880),
 ["RightLowerLeg"] = CFrame.new(0.000000, 0.000000, 0.000000, 1.000000, 0.000000, 0.000000, 0.000000, 0.923880, 0.382683, 0.000000, -0.382683, 0.923880),
 }},
 {Time = 0.625, Data = {
 ["HumanoidRootPart"] = CFrame.new(-0.400000, 0.300000, 2.300000, 0.866025, 0.000000, -0.500000, 0.000000, 1.000000, 0.000000, 0.500000, 0.000000, 0.866025),
 ["UpperTorso"] = CFrame.new(0.000000, 0.000000, 0.000000, 1.000000, 0.000000, 0.000000, 0.000000, 1.000000, 0.000000, 0.000000, 0.000000, 1.000000),
 ["LowerTorso"] = CFrame.new(0.000000, 0.000000, 0.000000, 1.000000, 0.000000, 0.000000, 0.000000, 1.000000, 0.000000, 0.000000, 0.000000, 1.000000),
 ["Head"] = CFrame.new(0.000000, 0.000000, 0.000000, 1.000000, 0.000000, 0.000000, 0.000000, 0.866025, 0.500000, 0.000000, -0.500000, 0.866025),
 ["LeftUpperArm"] = CFrame.new(0.000000, 0.200000, -0.150000, 1.000000, 0.000000, 0.000000, 0.000000, 0.866025, -0.500000, 0.000000, 0.500000, 0.866025),
 ["LeftLowerArm"] = CFrame.new(0.000000, 0.000000, 0.000000, 1.000000, 0.000000, 0.000000, 0.000000, 0.866025, -0.500000, 0.000000, 0.500000, 0.866025),
 ["RightUpperArm"] = CFrame.new(0.000000, 0.200000, -0.150000, 1.000000, 0.000000, 0.000000, 0.000000, 0.866025, -0.500000, 0.000000, 0.500000, 0.866025),
 ["RightLowerArm"] = CFrame.new(0.000000, 0.000000, 0.000000, 1.000000, 0.000000, 0.000000, 0.000000, 0.866025, -0.500000, 0.000000, 0.500000, 0.866025),
 ["LeftUpperLeg"] = CFrame.new(0.000000, 0.000000, 0.000000, 1.000000, 0.000000, 0.000000, 0.000000, 0.866025, 0.500000, 0.000000, -0.500000, 0.866025),
 ["LeftLowerLeg"] = CFrame.new(0.000000, 0.000000, 0.000000, 1.000000, 0.000000, 0.000000, 0.000000, 0.866025, 0.500000, 0.000000, -0.500000, 0.866025),
 ["RightUpperLeg"] = CFrame.new(0.000000, 0.000000, 0.000000, 1.000000, 0.000000, 0.000000, 0.000000, 0.866025, 0.500000, 0.000000, -0.500000, 0.866025),
 ["RightLowerLeg"] = CFrame.new(0.000000, 0.000000, 0.000000, 1.000000, 0.000000, 0.000000, 0.000000, 0.866025, 0.500000, 0.000000, -0.500000, 0.866025),
 }},
 {Time = 0.750, Data = {
 ["HumanoidRootPart"] = CFrame.new(-0.600000, 0.000000, 2.300000, 0.707107, 0.000000, -0.707107, 0.000000, 1.000000, 0.000000, 0.707107, 0.000000, 0.707107),
 ["UpperTorso"] = CFrame.new(0.000000, 0.000000, 0.000000, 1.000000, 0.000000, 0.000000, 0.000000, 1.000000, 0.000000, 0.000000, 0.000000, 1.000000),
 ["LowerTorso"] = CFrame.new(0.000000, 0.000000, 0.000000, 1.000000, 0.000000, 0.000000, 0.000000, 1.000000, 0.000000, 0.000000, 0.000000, 1.000000),
 ["Head"] = CFrame.new(0.000000, 0.000000, 0.000000, 1.000000, 0.000000, 0.000000, 0.000000, 0.707107, 0.707107, 0.000000, -0.707107, 0.707107),
 ["LeftUpperArm"] = CFrame.new(0.000000, 0.150000, -0.100000, 1.000000, 0.000000, 0.000000, 0.000000, 0.707107, -0.707107, 0.000000, 0.707107, 0.707107),
 ["LeftLowerArm"] = CFrame.new(0.000000, 0.000000, 0.000000, 1.000000, 0.000000, 0.000000, 0.000000, 0.707107, -0.707107, 0.000000, 0.707107, 0.707107),
 ["RightUpperArm"] = CFrame.new(0.000000, 0.150000, -0.100000, 1.000000, 0.000000, 0.000000, 0.000000, 0.707107, -0.707107, 0.000000, 0.707107, 0.707107),
 ["RightLowerArm"] = CFrame.new(0.000000, 0.000000, 0.000000, 1.000000, 0.000000, 0.000000, 0.000000, 0.707107, -0.707107, 0.000000, 0.707107, 0.707107),
 ["LeftUpperLeg"] = CFrame.new(0.000000, 0.000000, 0.000000, 1.000000, 0.000000, 0.000000, 0.000000, 0.707107, 0.707107, 0.000000, -0.707107, 0.707107),
 ["LeftLowerLeg"] = CFrame.new(0.000000, 0.000000, 0.000000, 1.000000, 0.000000, 0.000000, 0.000000, 0.707107, 0.707107, 0.000000, -0.707107, 0.707107),
 ["RightUpperLeg"] = CFrame.new(0.000000, 0.000000, 0.000000, 1.000000, 0.000000, 0.000000, 0.000000, 0.707107, 0.707107, 0.000000, -0.707107, 0.707107),
 ["RightLowerLeg"] = CFrame.new(0.000000, 0.000000, 0.000000, 1.000000, 0.000000, 0.000000, 0.000000, 0.707107, 0.707107, 0.000000, -0.707107, 0.707107),
 }},
 {Time = 0.875, Data = {
 ["HumanoidRootPart"] = CFrame.new(-0.700000, -0.300000, 2.000000, 0.500000, 0.000000, -0.866025, 0.000000, 1.000000, 0.000000, 0.866025, 0.000000, 0.500000),
 ["UpperTorso"] = CFrame.new(0.000000, 0.000000, 0.000000, 1.000000, 0.000000, 0.000000, 0.000000, 1.000000, 0.000000, 0.000000, 0.000000, 1.000000),
 ["LowerTorso"] = CFrame.new(0.000000, 0.000000, 0.000000, 1.000000, 0.000000, 0.000000, 0.000000, 1.000000, 0.000000, 0.000000, 0.000000, 1.000000),
 ["Head"] = CFrame.new(0.000000, 0.000000, 0.000000, 1.000000, 0.000000, 0.000000, 0.000000, 0.500000, 0.866025, 0.000000, -0.866025, 0.500000),
 ["LeftUpperArm"] = CFrame.new(0.000000, 0.100000, -0.050000, 1.000000, 0.000000, 0.000000, 0.000000, 0.500000, -0.866025, 0.000000, 0.866025, 0.500000),
 ["LeftLowerArm"] = CFrame.new(0.000000, 0.000000, 0.000000, 1.000000, 0.000000, 0.000000, 0.000000, 0.500000, -0.866025, 0.000000, 0.866025, 0.500000),
 ["RightUpperArm"] = CFrame.new(0.000000, 0.100000, -0.050000, 1.000000, 0.000000, 0.000000, 0.000000, 0.500000, -0.866025, 0.000000, 0.866025, 0.500000),
 ["RightLowerArm"] = CFrame.new(0.000000, 0.000000, 0.000000, 1.000000, 0.000000, 0.000000, 0.000000, 0.500000, -0.866025, 0.000000, 0.866025, 0.500000),
 ["LeftUpperLeg"] = CFrame.new(0.000000, 0.000000, 0.000000, 1.000000, 0.000000, 0.000000, 0.000000, 0.500000, 0.866025, 0.000000, -0.866025, 0.500000),
 ["LeftLowerLeg"] = CFrame.new(0.000000, 0.000000, 0.000000, 1.000000, 0.000000, 0.000000, 0.000000, 0.500000, 0.866025, 0.000000, -0.866025, 0.500000),
 ["RightUpperLeg"] = CFrame.new(0.000000, 0.000000, 0.000000, 1.000000, 0.000000, 0.000000, 0.000000, 0.500000, 0.866025, 0.000000, -0.866025, 0.500000),
 ["RightLowerLeg"] = CFrame.new(0.000000, 0.000000, 0.000000, 1.000000, 0.000000, 0.000000, 0.000000, 0.500000, 0.866025, 0.000000, -0.866025, 0.500000),
 }},
 {Time = 1.000, Data = {
 ["HumanoidRootPart"] = CFrame.new(-0.700000, -0.500000, 1.500000, 0.342020, 0.000000, -0.939693, 0.000000, 1.000000, 0.000000, 0.939693, 0.000000, 0.342020),
 ["UpperTorso"] = CFrame.new(0.000000, 0.000000, 0.000000, 1.000000, 0.000000, 0.000000, 0.000000, 1.000000, 0.000000, 0.000000, 0.000000, 1.000000),
 ["LowerTorso"] = CFrame.new(0.000000, 0.000000, 0.000000, 1.000000, 0.000000, 0.000000, 0.000000, 1.000000, 0.000000, 0.000000, 0.000000, 1.000000),
 ["Head"] = CFrame.new(0.000000, 0.000000, 0.000000, 1.000000, 0.000000, 0.000000, 0.000000, 0.342020, 0.939693, 0.000000, -0.939693, 0.342020),
 ["LeftUpperArm"] = CFrame.new(0.000000, 0.100000, 0.000000, 1.000000, 0.000000, 0.000000, 0.000000, 0.342020, -0.939693, 0.000000, 0.939693, 0.342020),
 ["LeftLowerArm"] = CFrame.new(0.000000, 0.000000, 0.000000, 1.000000, 0.000000, 0.000000, 0.000000, 0.342020, -0.939693, 0.000000, 0.939693, 0.342020),
 ["RightUpperArm"] = CFrame.new(0.000000, 0.100000, 0.000000, 1.000000, 0.000000, 0.000000, 0.000000, 0.342020, -0.939693, 0.000000, 0.939693, 0.342020),
 ["RightLowerArm"] = CFrame.new(0.000000, 0.000000, 0.000000, 1.000000, 0.000000, 0.000000, 0.000000, 0.342020, -0.939693, 0.000000, 0.939693, 0.342020),
 ["LeftUpperLeg"] = CFrame.new(0.000000, 0.000000, 0.000000, 1.000000, 0.000000, 0.000000, 0.000000, 0.342020, 0.939693, 0.000000, -0.939693, 0.342020),
 ["LeftLowerLeg"] = CFrame.new(0.000000, 0.000000, 0.000000, 1.000000, 0.000000, 0.000000, 0.000000, 0.342020, 0.939693, 0.000000, -0.939693, 0.342020),
 ["RightUpperLeg"] = CFrame.new(0.000000, 0.000000, 0.000000, 1.000000, 0.000000, 0.000000, 0.000000, 0.342020, 0.939693, 0.000000, -0.939693, 0.342020),
 ["RightLowerLeg"] = CFrame.new(0.000000, 0.000000, 0.000000, 1.000000, 0.000000, 0.000000, 0.000000, 0.342020, 0.939693, 0.000000, -0.939693, 0.342020),
 }},
 {Time = 1.125, Data = {
 ["HumanoidRootPart"] = CFrame.new(-0.600000, -0.600000, 1.000000, 0.173648, 0.000000, -0.984808, 0.000000, 1.000000, 0.000000, 0.984808, 0.000000, 0.173648),
 ["UpperTorso"] = CFrame.new(0.000000, 0.000000, 0.000000, 1.000000, 0.000000, 0.000000, 0.000000, 1.000000, 0.000000, 0.000000, 0.000000, 1.000000),
 ["LowerTorso"] = CFrame.new(0.000000, 0.000000, 0.000000, 1.000000, 0.000000, 0.000000, 0.000000, 1.000000, 0.000000, 0.000000, 0.000000, 1.000000),
 ["Head"] = CFrame.new(0.000000, 0.000000, 0.000000, 1.000000, 0.000000, 0.000000, 0.000000, 0.173648, 0.984808, 0.000000, -0.984808, 0.173648),
 ["LeftUpperArm"] = CFrame.new(0.000000, 0.050000, 0.050000, 1.000000, 0.000000, 0.000000, 0.000000, 0.173648, -0.984808, 0.000000, 0.984808, 0.173648),
 ["LeftLowerArm"] = CFrame.new(0.000000, 0.000000, 0.000000, 1.000000, 0.000000, 0.000000, 0.000000, 0.173648, -0.984808, 0.000000, 0.984808, 0.173648),
 ["RightUpperArm"] = CFrame.new(0.000000, 0.050000, 0.050000, 1.000000, 0.000000, 0.000000, 0.000000, 0.173648, -0.984808, 0.000000, 0.984808, 0.173648),
 ["RightLowerArm"] = CFrame.new(0.000000, 0.000000, 0.000000, 1.000000, 0.000000, 0.000000, 0.000000, 0.173648, -0.984808, 0.000000, 0.984808, 0.173648),
 ["LeftUpperLeg"] = CFrame.new(0.000000, 0.000000, 0.000000, 1.000000, 0.000000, 0.000000, 0.000000, 0.173648, 0.984808, 0.000000, -0.984808, 0.173648),
 ["LeftLowerLeg"] = CFrame.new(0.000000, 0.000000, 0.000000, 1.000000, 0.000000, 0.000000, 0.000000, 0.173648, 0.984808, 0.000000, -0.984808, 0.173648),
 ["RightUpperLeg"] = CFrame.new(0.000000, 0.000000, 0.000000, 1.000000, 0.000000, 0.000000, 0.000000, 0.173648, 0.984808, 0.000000, -0.984808, 0.173648),
 ["RightLowerLeg"] = CFrame.new(0.000000, 0.000000, 0.000000, 1.000000, 0.000000, 0.000000, 0.000000, 0.173648, 0.984808, 0.000000, -0.984808, 0.173648),
 }},
 {Time = 1.250, Data = {
 ["HumanoidRootPart"] = CFrame.new(-0.400000, -0.500000, 0.500000, 0.000000, 0.000000, -1.000000, 0.000000, 1.000000, 0.000000, 1.000000, 0.000000, 0.000000),
 ["UpperTorso"] = CFrame.new(0.000000, 0.000000, 0.000000, 1.000000, 0.000000, 0.000000, 0.000000, 1.000000, 0.000000, 0.000000, 0.000000, 1.000000),
 ["LowerTorso"] = CFrame.new(0.000000, 0.000000, 0.000000, 1.000000, 0.000000, 0.000000, 0.000000, 1.000000, 0.000000, 0.000000, 0.000000, 1.000000),
 ["Head"] = CFrame.new(0.000000, 0.000000, 0.000000, 1.000000, 0.000000, 0.000000, 0.000000, 0.000000, 1.000000, 0.000000, -1.000000, 0.000000),
 ["LeftUpperArm"] = CFrame.new(0.000000, 0.000000, 0.100000, 1.000000, 0.000000, 0.000000, 0.000000, 0.000000, -1.000000, 0.000000, 1.000000, 0.000000),
 ["LeftLowerArm"] = CFrame.new(0.000000, 0.000000, 0.000000, 1.000000, 0.000000, 0.000000, 0.000000, 0.000000, -1.000000, 0.000000, 1.000000, 0.000000),
 ["RightUpperArm"] = CFrame.new(0.000000, 0.000000, 0.100000, 1.000000, 0.000000, 0.000000, 0.000000, 0.000000, -1.000000, 0.000000, 1.000000, 0.000000),
 ["RightLowerArm"] = CFrame.new(0.000000, 0.000000, 0.000000, 1.000000, 0.000000, 0.000000, 0.000000, 0.000000, -1.000000, 0.000000, 1.000000, 0.000000),
 ["LeftUpperLeg"] = CFrame.new(0.000000, 0.000000, 0.000000, 1.000000, 0.000000, 0.000000, 0.000000, 0.000000, 1.000000, 0.000000, -1.000000, 0.000000),
 ["LeftLowerLeg"] = CFrame.new(0.000000, 0.000000, 0.000000, 1.000000, 0.000000, 0.000000, 0.000000, 0.000000, 1.000000, 0.000000, -1.000000, 0.000000),
 ["RightUpperLeg"] = CFrame.new(0.000000, 0.000000, 0.000000, 1.000000, 0.000000, 0.000000, 0.000000, 0.000000, 1.000000, 0.000000, -1.000000, 0.000000),
 ["RightLowerLeg"] = CFrame.new(0.000000, 0.000000, 0.000000, 1.000000, 0.000000, 0.000000, 0.000000, 0.000000, 1.000000, 0.000000, -1.000000, 0.000000),
 }},
 {Time = 1.375, Data = {
 ["HumanoidRootPart"] = CFrame.new(-0.200000, -0.300000, 0.000000, -0.173648, 0.000000, -0.984808, 0.000000, 1.000000, 0.000000, 0.984808, 0.000000, -0.173648),
 ["UpperTorso"] = CFrame.new(0.000000, 0.000000, 0.000000, 1.000000, 0.000000, 0.000000, 0.000000, 1.000000, 0.000000, 0.000000, 0.000000, 1.000000),
 ["LowerTorso"] = CFrame.new(0.000000, 0.000000, 0.000000, 1.000000, 0.000000, 0.000000, 0.000000, 1.000000, 0.000000, 0.000000, 0.000000, 1.000000),
 ["Head"] = CFrame.new(0.000000, 0.000000, 0.000000, 1.000000, 0.000000, 0.000000, 0.000000, -0.173648, 0.984808, 0.000000, -0.984808, -0.173648),
 ["LeftUpperArm"] = CFrame.new(0.000000, 0.050000, 0.050000, 1.000000, 0.000000, 0.000000, 0.000000, -0.173648, -0.984808, 0.000000, 0.984808, -0.173648),
 ["LeftLowerArm"] = CFrame.new(0.000000, 0.000000, 0.000000, 1.000000, 0.000000, 0.000000, 0.000000, -0.173648, -0.984808, 0.000000, 0.984808, -0.173648),
 ["RightUpperArm"] = CFrame.new(0.000000, 0.050000, 0.050000, 1.000000, 0.000000, 0.000000, 0.000000, -0.173648, -0.984808, 0.000000, 0.984808, -0.173648),
 ["RightLowerArm"] = CFrame.new(0.000000, 0.000000, 0.000000, 1.000000, 0.000000, 0.000000, 0.000000, -0.173648, -0.984808, 0.000000, 0.984808, -0.173648),
 ["LeftUpperLeg"] = CFrame.new(0.000000, 0.000000, 0.000000, 1.000000, 0.000000, 0.000000, 0.000000, -0.173648, 0.984808, 0.000000, -0.984808, -0.173648),
 ["LeftLowerLeg"] = CFrame.new(0.000000, 0.000000, 0.000000, 1.000000, 0.000000, 0.000000, 0.000000, -0.173648, 0.984808, 0.000000, -0.984808, -0.173648),
 ["RightUpperLeg"] = CFrame.new(0.000000, 0.000000, 0.000000, 1.000000, 0.000000, 0.000000, 0.000000, -0.173648, 0.984808, 0.000000, -0.984808, -0.173648),
 ["RightLowerLeg"] = CFrame.new(0.000000, 0.000000, 0.000000, 1.000000, 0.000000, 0.000000, 0.000000, -0.173648, 0.984808, 0.000000, -0.984808, -0.173648),
 }},
 {Time = 1.500, Data = {
 ["HumanoidRootPart"] = CFrame.new(-0.100000, -0.100000, -0.300000, -0.342020, 0.000000, -0.939693, 0.000000, 1.000000, 0.000000, 0.939693, 0.000000, -0.342020),
 ["UpperTorso"] = CFrame.new(0.000000, 0.000000, 0.000000, 1.000000, 0.000000, 0.000000, 0.000000, 1.000000, 0.000000, 0.000000, 0.000000, 1.000000),
 ["LowerTorso"] = CFrame.new(0.000000, 0.000000, 0.000000, 1.000000, 0.000000, 0.000000, 0.000000, 1.000000, 0.000000, 0.000000, 0.000000, 1.000000),
 ["Head"] = CFrame.new(0.000000, 0.000000, 0.000000, 1.000000, 0.000000, 0.000000, 0.000000, -0.342020, 0.939693, 0.000000, -0.939693, -0.342020),
 ["LeftUpperArm"] = CFrame.new(0.000000, 0.100000, 0.000000, 1.000000, 0.000000, 0.000000, 0.000000, -0.342020, -0.939693, 0.000000, 0.939693, -0.342020),
 ["LeftLowerArm"] = CFrame.new(0.000000, 0.000000, 0.000000, 1.000000, 0.000000, 0.000000, 0.000000, -0.342020, -0.939693, 0.000000, 0.939693, -0.342020),
 ["RightUpperArm"] = CFrame.new(0.000000, 0.100000, 0.000000, 1.000000, 0.000000, 0.000000, 0.000000, -0.342020, -0.939693, 0.000000, 0.939693, -0.342020),
 ["RightLowerArm"] = CFrame.new(0.000000, 0.000000, 0.000000, 1.000000, 0.000000, 0.000000, 0.000000, -0.342020, -0.939693, 0.000000, 0.939693, -0.342020),
 ["LeftUpperLeg"] = CFrame.new(0.000000, 0.000000, 0.000000, 1.000000, 0.000000, 0.000000, 0.000000, -0.342020, 0.939693, 0.000000, -0.939693, -0.342020),
 ["LeftLowerLeg"] = CFrame.new(0.000000, 0.000000, 0.000000, 1.000000, 0.000000, 0.000000, 0.000000, -0.342020, 0.939693, 0.000000, -0.939693, -0.342020),
 ["RightUpperLeg"] = CFrame.new(0.000000, 0.000000, 0.000000, 1.000000, 0.000000, 0.000000, 0.000000, -0.342020, 0.939693, 0.000000, -0.939693, -0.342020),
 ["RightLowerLeg"] = CFrame.new(0.000000, 0.000000, 0.000000, 1.000000, 0.000000, 0.000000, 0.000000, -0.342020, 0.939693, 0.000000, -0.939693, -0.342020),
 }},
 {Time = 1.625, Data = {
 ["HumanoidRootPart"] = CFrame.new(0.000000, 0.000000, -0.500000, -0.500000, 0.000000, -0.866025, 0.000000, 1.000000, 0.000000, 0.866025, 0.000000, -0.500000),
 ["UpperTorso"] = CFrame.new(0.000000, 0.000000, 0.000000, 1.000000, 0.000000, 0.000000, 0.000000, 1.000000, 0.000000, 0.000000, 0.000000, 1.000000),
 ["LowerTorso"] = CFrame.new(0.000000, 0.000000, 0.000000, 1.000000, 0.000000, 0.000000, 0.000000, 1.000000, 0.000000, 0.000000, 0.000000, 1.000000),
 ["Head"] = CFrame.new(0.000000, 0.000000, 0.000000, 1.000000, 0.000000, 0.000000, 0.000000, -0.500000, 0.866025, 0.000000, -0.866025, -0.500000),
 ["LeftUpperArm"] = CFrame.new(0.000000, 0.150000, -0.050000, 1.000000, 0.000000, 0.000000, 0.000000, -0.500000, -0.866025, 0.000000, 0.866025, -0.500000),
 ["LeftLowerArm"] = CFrame.new(0.000000, 0.000000, 0.000000, 1.000000, 0.000000, 0.000000, 0.000000, -0.500000, -0.866025, 0.000000, 0.866025, -0.500000),
 ["RightUpperArm"] = CFrame.new(0.000000, 0.150000, -0.050000, 1.000000, 0.000000, 0.000000, 0.000000, -0.500000, -0.866025, 0.000000, 0.866025, -0.500000),
 ["RightLowerArm"] = CFrame.new(0.000000, 0.000000, 0.000000, 1.000000, 0.000000, 0.000000, 0.000000, -0.500000, -0.866025, 0.000000, 0.866025, -0.500000),
 ["LeftUpperLeg"] = CFrame.new(0.000000, 0.000000, 0.000000, 1.000000, 0.000000, 0.000000, 0.000000, -0.500000, 0.866025, 0.000000, -0.866025, -0.500000),
 ["LeftLowerLeg"] = CFrame.new(0.000000, 0.000000, 0.000000, 1.000000, 0.000000, 0.000000, 0.000000, -0.500000, 0.866025, 0.000000, -0.866025, -0.500000),
 ["RightUpperLeg"] = CFrame.new(0.000000, 0.000000, 0.000000, 1.000000, 0.000000, 0.000000, 0.000000, -0.500000, 0.866025, 0.000000, -0.866025, -0.500000),
 ["RightLowerLeg"] = CFrame.new(0.000000, 0.000000, 0.000000, 1.000000, 0.000000, 0.000000, 0.000000, -0.500000, 0.866025, 0.000000, -0.866025, -0.500000),
 }},
 {Time = 1.750, Data = {
 ["HumanoidRootPart"] = CFrame.new(0.000000, 0.100000, -0.500000, -0.707107, 0.000000, -0.707107, 0.000000, 1.000000, 0.000000, 0.707107, 0.000000, -0.707107),
 ["UpperTorso"] = CFrame.new(0.000000, 0.000000, 0.000000, 1.000000, 0.000000, 0.000000, 0.000000, 1.000000, 0.000000, 0.000000, 0.000000, 1.000000),
 ["LowerTorso"] = CFrame.new(0.000000, 0.000000, 0.000000, 1.000000, 0.000000, 0.000000, 0.000000, 1.000000, 0.000000, 0.000000, 0.000000, 1.000000),
 ["Head"] = CFrame.new(0.000000, 0.000000, 0.000000, 1.000000, 0.000000, 0.000000, 0.000000, -0.707107, 0.707107, 0.000000, -0.707107, -0.707107),
 ["LeftUpperArm"] = CFrame.new(0.000000, 0.150000, -0.100000, 1.000000, 0.000000, 0.000000, 0.000000, -0.707107, -0.707107, 0.000000, 0.707107, -0.707107),
 ["LeftLowerArm"] = CFrame.new(0.000000, 0.000000, 0.000000, 1.000000, 0.000000, 0.000000, 0.000000, -0.707107, -0.707107, 0.000000, 0.707107, -0.707107),
 ["RightUpperArm"] = CFrame.new(0.000000, 0.150000, -0.100000, 1.000000, 0.000000, 0.000000, 0.000000, -0.707107, -0.707107, 0.000000, 0.707107, -0.707107),
 ["RightLowerArm"] = CFrame.new(0.000000, 0.000000, 0.000000, 1.000000, 0.000000, 0.000000, 0.000000, -0.707107, -0.707107, 0.000000, 0.707107, -0.707107),
 ["LeftUpperLeg"] = CFrame.new(0.000000, 0.000000, 0.000000, 1.000000, 0.000000, 0.000000, 0.000000, -0.707107, 0.707107, 0.000000, -0.707107, -0.707107),
 ["LeftLowerLeg"] = CFrame.new(0.000000, 0.000000, 0.000000, 1.000000, 0.000000, 0.000000, 0.000000, -0.707107, 0.707107, 0.000000, -0.707107, -0.707107),
 ["RightUpperLeg"] = CFrame.new(0.000000, 0.000000, 0.000000, 1.000000, 0.000000, 0.000000, 0.000000, -0.707107, 0.707107, 0.000000, -0.707107, -0.707107),
 ["RightLowerLeg"] = CFrame.new(0.000000, 0.000000, 0.000000, 1.000000, 0.000000, 0.000000, 0.000000, -0.707107, 0.707107, 0.000000, -0.707107, -0.707107),
 }},
 {Time = 1.875, Data = {
 ["HumanoidRootPart"] = CFrame.new(0.000000, 0.200000, -0.300000, -0.866025, 0.000000, -0.500000, 0.000000, 1.000000, 0.000000, 0.500000, 0.000000, -0.866025),
 ["UpperTorso"] = CFrame.new(0.000000, 0.000000, 0.000000, 1.000000, 0.000000, 0.000000, 0.000000, 1.000000, 0.000000, 0.000000, 0.000000, 1.000000),
 ["LowerTorso"] = CFrame.new(0.000000, 0.000000, 0.000000, 1.000000, 0.000000, 0.000000, 0.000000, 1.000000, 0.000000, 0.000000, 0.000000, 1.000000),
 ["Head"] = CFrame.new(0.000000, 0.000000, 0.000000, 1.000000, 0.000000, 0.000000, 0.000000, -0.866025, 0.500000, 0.000000, -0.500000, -0.866025),
 ["LeftUpperArm"] = CFrame.new(0.000000, 0.100000, -0.050000, 1.000000, 0.000000, 0.000000, 0.000000, -0.866025, -0.500000, 0.000000, 0.500000, -0.866025),
 ["LeftLowerArm"] = CFrame.new(0.000000, 0.000000, 0.000000, 1.000000, 0.000000, 0.000000, 0.000000, -0.866025, -0.500000, 0.000000, 0.500000, -0.866025),
 ["RightUpperArm"] = CFrame.new(0.000000, 0.100000, -0.050000, 1.000000, 0.000000, 0.000000, 0.000000, -0.866025, -0.500000, 0.000000, 0.500000, -0.866025),
 ["RightLowerArm"] = CFrame.new(0.000000, 0.000000, 0.000000, 1.000000, 0.000000, 0.000000, 0.000000, -0.866025, -0.500000, 0.000000, 0.500000, -0.866025),
 ["LeftUpperLeg"] = CFrame.new(0.000000, 0.000000, 0.000000, 1.000000, 0.000000, 0.000000, 0.000000, -0.866025, 0.500000, 0.000000, -0.500000, -0.866025),
 ["LeftLowerLeg"] = CFrame.new(0.000000, 0.000000, 0.000000, 1.000000, 0.000000, 0.000000, 0.000000, -0.866025, 0.500000, 0.000000, -0.500000, -0.866025),
 ["RightUpperLeg"] = CFrame.new(0.000000, 0.000000, 0.000000, 1.000000, 0.000000, 0.000000, 0.000000, -0.866025, 0.500000, 0.000000, -0.500000, -0.866025),
 ["RightLowerLeg"] = CFrame.new(0.000000, 0.000000, 0.000000, 1.000000, 0.000000, 0.000000, 0.000000, -0.866025, 0.500000, 0.000000, -0.500000, -0.866025),
 }},
 {Time = 2.000, Data = {
 ["HumanoidRootPart"] = CFrame.new(0.000000, 0.000000, 0.000000, 1.000000, 0.000000, 0.000000, 0.000000, 1.000000, 0.000000, 0.000000, 0.000000, 1.000000),
 ["UpperTorso"] = CFrame.new(0.000000, 0.000000, 0.000000, 1.000000, 0.000000, 0.000000, 0.000000, 1.000000, 0.000000, 0.000000, 0.000000, 1.000000),
 ["LowerTorso"] = CFrame.new(0.000000, 0.000000, 0.000000, 1.000000, 0.000000, 0.000000, 0.000000, 1.000000, 0.000000, 0.000000, 0.000000, 1.000000),
 ["Head"] = CFrame.new(0.000000, 0.000000, 0.000000, 1.000000, 0.000000, 0.000000, 0.000000, 1.000000, 0.000000, 0.000000, 0.000000, 1.000000),
 ["LeftUpperArm"] = CFrame.new(0.000000, 0.000000, 0.000000, 1.000000, 0.000000, 0.000000, 0.000000, 1.000000, 0.000000, 0.000000, 0.000000, 1.000000),
 ["LeftLowerArm"] = CFrame.new(0.000000, 0.000000, 0.000000, 1.000000, 0.000000, 0.000000, 0.000000, 1.000000, 0.000000, 0.000000, 0.000000, 1.000000),
 ["RightUpperArm"] = CFrame.new(0.000000, 0.000000, 0.000000, 1.000000, 0.000000, 0.000000, 0.000000, 1.000000, 0.000000, 0.000000, 0.000000, 1.000000),
 ["RightLowerArm"] = CFrame.new(0.000000, 0.000000, 0.000000, 1.000000, 0.000000, 0.000000, 0.000000, 1.000000, 0.000000, 0.000000, 0.000000, 1.000000),
 ["LeftUpperLeg"] = CFrame.new(0.000000, 0.000000, 0.000000, 1.000000, 0.000000, 0.000000, 0.000000, 1.000000, 0.000000, 0.000000, 0.000000, 1.000000),
 ["LeftLowerLeg"] = CFrame.new(0.000000, 0.000000, 0.000000, 1.000000, 0.000000, 0.000000, 0.000000, 1.000000, 0.000000, 0.000000, 0.000000, 1.000000),
 ["RightUpperLeg"] = CFrame.new(0.000000, 0.000000, 0.000000, 1.000000, 0.000000, 0.000000, 0.000000, 1.000000, 0.000000, 0.000000, 0.000000, 1.000000),
 ["RightLowerLeg"] = CFrame.new(0.000000, 0.000000, 0.000000, 1.000000, 0.000000, 0.000000, 0.000000, 1.000000, 0.000000, 0.000000, 0.000000, 1.000000),
 }},
 },
}
