return {
 ["anim_129885573239668"] = {
 {Time = 0.000, Data = {
 ["Head"] = CFrame.new(0.000001, 0.000000, 0.000001, 0.697913, 0.000000, 0.716183, 0.000000, 1.000000, 0.000000, -0.716183, 0.000000, 0.697913),
 ["HumanoidRootPart"] = CFrame.new(0.000000, 0.000000, 0.000000, 1.000000, 0.000000, 0.000000, 0.000000, 1.000000, 0.000000, 0.000000, 0.000000, 1.000000),
 ["LeftLowerLeg"] = CFrame.new(-0.000002, 0.000000, -0.000002, 1.000000, 0.000000, 0.000000, 0.000000, 0.969003, 0.247048, 0.000000, -0.247048, 0.969004),
 ["LeftUpperArm"] = CFrame.new(0.000000, 0.000000, -0.000002, 0.661323, 0.730051, -0.172272, -0.274019, 0.021338, -0.961488, -0.698259, 0.683060, 0.214159),
 ["LeftUpperLeg"] = CFrame.new(0.000002, 0.000000, -0.000001, 0.931050, 0.033307, 0.363367, 0.000000, 0.995825, -0.091279, -0.364891, 0.084985, 0.927164),
 ["LowerTorso"] = CFrame.new(0.000000, 0.000000, 0.000000, 0.978369, 0.000000, 0.206868, 0.000000, 1.000000, 0.000000, -0.206868, 0.000000, 0.978369),
 ["RightLowerLeg"] = CFrame.new(0.000000, 0.000000, 0.000001, 1.000000, 0.000000, 0.000000, 0.000000, 0.294677, 0.955597, 0.000000, -0.955597, 0.294677),
 ["RightUpperArm"] = CFrame.new(-0.000004, -0.000001, 0.000000, 0.825993, 0.525354, 0.204300, 0.172284, 0.109803, -0.978908, -0.536706, 0.843770, 0.000187),
 ["RightUpperLeg"] = CFrame.new(-0.000002, -0.000001, 0.000000, 0.826568, -0.250041, 0.504248, 0.158726, 0.963094, 0.217384, -0.539993, -0.099645, 0.835750),
 ["UpperTorso"] = CFrame.new(0.000001, 0.000000, 0.000001, 0.822435, 0.000000, 0.568859, 0.000000, 1.000000, 0.000000, -0.568859, 0.000000, 0.822435),
 }},
 {Time = 2.333, Data = {
 ["Head"] = CFrame.new(0.000001, 0.000000, 0.000001, 0.697913, 0.000000, 0.716183, 0.000000, 1.000000, 0.000000, -0.716183, 0.000000, 0.697913),
 ["HumanoidRootPart"] = CFrame.new(0.000000, 0.000000, 0.000000, 1.000000, 0.000000, 0.000000, 0.000000, 1.000000, 0.000000, 0.000000, 0.000000, 1.000000),
 ["LeftLowerLeg"] = CFrame.new(-0.000002, 0.000000, -0.000002, 1.000000, 0.000000, 0.000000, 0.000000, 0.969003, 0.247048, 0.000000, -0.247048, 0.969004),
 ["LeftUpperArm"] = CFrame.new(0.002411, 0.013462, -0.003002, 0.661363, 0.730027, -0.172219, -0.274043, 0.021448, -0.961478, -0.698211, 0.683081, 0.214244),
 ["LeftUpperLeg"] = CFrame.new(-0.002510, -0.075209, -0.006420, 0.931067, 0.033256, 0.363329, 0.000042, 0.995827, -0.091258, -0.364848, 0.084982, 0.927181),
 ["LowerTorso"] = CFrame.new(0.000000, 0.000000, 0.000000, 0.978369, 0.000000, 0.206868, 0.000000, 1.000000, 0.000000, -0.206868, 0.000000, 0.978369),
 ["RightLowerLeg"] = CFrame.new(0.000000, 0.000000, 0.000001, 1.000000, 0.000000, 0.000000, 0.000000, 0.294677, 0.955597, 0.000000, -0.955597, 0.294677),
 ["RightUpperArm"] = CFrame.new(0.011722, -0.056178, 0.000012, 0.826026, 0.525296, 0.204318, 0.172285, 0.109835, -0.978905, -0.536656, 0.843801, 0.000226),
 ["RightUpperLeg"] = CFrame.new(0.014917, -0.057473, 0.005942, 0.826581, -0.250022, 0.504236, 0.158750, 0.963106, 0.217313, -0.539965, -0.099579, 0.835776),
 ["UpperTorso"] = CFrame.new(0.000001, -0.041999, 0.000001, 0.822462, 0.000000, 0.568820, 0.000000, 1.000000, 0.000000, -0.568820, 0.000000, 0.822462),
 }},
 {Time = 4.667, Data = {
 ["Head"] = CFrame.new(0.000001, 0.000000, 0.000001, 0.697913, 0.000000, 0.716183, 0.000000, 1.000000, 0.000000, -0.716183, 0.000000, 0.697913),
 ["HumanoidRootPart"] = CFrame.new(0.000000, 0.000000, 0.000000, 1.000000, 0.000000, 0.000000, 0.000000, 1.000000, 0.000000, 0.000000, 0.000000, 1.000000),
 ["LeftLowerLeg"] = CFrame.new(-0.000002, 0.000000, -0.000002, 1.000000, 0.000000, 0.000000, 0.000000, 0.969003, 0.247048, 0.000000, -0.247048, 0.969004),
 ["LeftUpperArm"] = CFrame.new(0.000000, 0.000000, -0.000002, 0.661323, 0.730051, -0.172272, -0.274019, 0.021338, -0.961488, -0.698259, 0.683060, 0.214159),
 ["LeftUpperLeg"] = CFrame.new(0.000002, 0.000000, -0.000001, 0.931050, 0.033307, 0.363367, 0.000000, 0.995825, -0.091279, -0.364891, 0.084985, 0.927164),
 ["LowerTorso"] = CFrame.new(0.000000, 0.000000, 0.000000, 0.978369, 0.000000, 0.206868, 0.000000, 1.000000, 0.000000, -0.206868, 0.000000, 0.978369),
 ["RightLowerLeg"] = CFrame.new(0.000000, 0.000000, 0.000001, 1.000000, 0.000000, 0.000000, 0.000000, 0.294677, 0.955597, 0.000000, -0.955597, 0.294677),
 ["RightUpperArm"] = CFrame.new(-0.000004, -0.000001, 0.000000, 0.825993, 0.525354, 0.204300, 0.172284, 0.109803, -0.978908, -0.536706, 0.843770, 0.000187),
 ["RightUpperLeg"] = CFrame.new(-0.000002, -0.000001, 0.000000, 0.826568, -0.250041, 0.504248, 0.158726, 0.963094, 0.217384, -0.539993, -0.099645, 0.835750),
 ["UpperTorso"] = CFrame.new(0.000001, 0.000000, 0.000001, 0.822435, 0.000000, 0.568859, 0.000000, 1.000000, 0.000000, -0.568859, 0.000000, 0.822435),
 }},
 },
}
