return {
 ["frontwalk"] = {
 {Time = 0.000, Data = {
 ["Head"] = CFrame.new(0.000000, 0.000000, 0.000000, 1.000000, 0.000000, 0.000000, 0.000000, 0.520177, -0.854058, 0.000000, 0.854058, 0.520177),
 ["HumanoidRootPart"] = CFrame.new(0.000000, 0.000000, 0.000000, 1.000000, 0.000000, 0.000000, 0.000000, 1.000000, 0.000000, 0.000000, 0.000000, 1.000000),
 ["LeftHand"] = CFrame.new(0.000000, 0.000000, 0.000000, 1.000000, 0.000000, 0.000000, 0.000000, 0.929152, 0.369698, 0.000000, -0.369698, 0.929152),
 ["LeftLowerArm"] = CFrame.new(0.000000, 0.000000, 0.000000, 1.000000, 0.000000, 0.000000, 0.000000, 1.000000, 0.000000, 0.000000, 0.000000, 1.000000),
 ["LeftLowerLeg"] = CFrame.new(0.000000, 0.000000, 0.000000, 1.000000, 0.000000, 0.000000, 0.000000, 0.678739, 0.734379, 0.000000, -0.734379, 0.678739),
 ["LeftUpperArm"] = CFrame.new(0.000000, 0.000001, 0.000000, 1.000000, 0.000000, 0.000000, 0.000000, -0.755534, -0.655109, 0.000000, 0.655109, -0.755534),
 ["LeftUpperLeg"] = CFrame.new(0.000000, 0.000000, 0.000000, 1.000000, 0.000000, 0.000000, 0.000000, 1.000000, 0.000000, 0.000000, 0.000000, 1.000000),
 ["LowerTorso"] = CFrame.new(0.000000, 0.156366, 1.606056, 1.000000, 0.000000, 0.000000, 0.000000, -0.239263, 0.970955, 0.000000, -0.970955, -0.239263),
 ["RightHand"] = CFrame.new(0.000000, 0.000000, 0.000000, 1.000000, 0.000000, 0.000000, 0.000000, 0.940938, 0.338580, 0.000000, -0.338580, 0.940938),
 ["RightLowerArm"] = CFrame.new(0.000000, 0.000000, 0.000000, 1.000000, 0.000000, 0.000000, 0.000000, 1.000000, 0.000000, 0.000000, 0.000000, 1.000000),
 ["RightLowerLeg"] = CFrame.new(0.000000, 0.000000, 0.000000, 1.000000, 0.000000, 0.000000, 0.000000, 0.383908, 0.923372, 0.000000, -0.923372, 0.383908),
 ["RightUpperArm"] = CFrame.new(0.000000, 0.000000, 0.000000, 1.000000, 0.000000, 0.000000, 0.000000, -0.789110, -0.614251, 0.000000, 0.614251, -0.789110),
 ["RightUpperLeg"] = CFrame.new(0.000000, 0.000000, 0.000000, 1.000000, 0.000000, 0.000000, 0.000000, 0.414913, 0.909861, 0.000000, -0.909861, 0.414913),
 ["UpperTorso"] = CFrame.new(0.000000, 0.000000, 0.000000, 1.000000, 0.000000, 0.000000, 0.000000, 0.990847, 0.134990, 0.000000, -0.134990, 0.990847),
 }},
 {Time = 0.333, Data = {
 ["HumanoidRootPart"] = CFrame.new(0.000000, 0.000000, 0.000000, 1.000000, 0.000000, 0.000000, 0.000000, 1.000000, 0.000000, 0.000000, 0.000000, 1.000000),
 ["LeftUpperArm"] = CFrame.new(0.000000, -0.181389, 0.157299, 1.000000, 0.000000, 0.000000, 0.000000, -0.755494, -0.655155, 0.000000, 0.655155, -0.755494),
 ["LeftUpperLeg"] = CFrame.new(0.000000, 0.000000, 0.000000, 1.000000, 0.000000, 0.000000, 0.000000, 0.788719, 0.614753, 0.000000, -0.614753, 0.788719),
 ["LowerTorso"] = CFrame.new(0.000000, 0.156356, 1.606056, 1.000000, 0.000000, 0.000000, 0.000000, -0.422322, 0.906446, 0.000000, -0.906446, -0.422322),
 ["RightLowerLeg"] = CFrame.new(0.000000, -0.000001, 0.000000, 1.000000, 0.000000, 0.000000, 0.000000, 0.992419, 0.122899, 0.000000, -0.122899, 0.992419),
 ["RightUpperArm"] = CFrame.new(0.000000, -0.219431, 0.170822, 1.000000, 0.000000, 0.000000, 0.000000, -0.789085, -0.614284, 0.000000, 0.614284, -0.789085),
 ["RightUpperLeg"] = CFrame.new(0.000000, 0.000000, 0.000000, 1.000000, 0.000000, 0.000000, 0.000000, -0.002535, 0.999997, 0.000000, -0.999997, -0.002535),
 ["UpperTorso"] = CFrame.new(0.000000, 0.000000, 0.000000, 1.000000, 0.000000, 0.000000, 0.000000, 1.000000, 0.000000, 0.000000, 0.000000, 1.000000),
 }},
 {Time = 0.667, Data = {
 ["Head"] = CFrame.new(0.000000, 0.000000, -0.000001, 1.000000, 0.000000, 0.000000, 0.000000, 0.906483, -0.422242, 0.000000, 0.422242, 0.906483),
 ["HumanoidRootPart"] = CFrame.new(0.000000, 0.000000, 0.000000, 1.000000, 0.000000, 0.000000, 0.000000, 1.000000, 0.000000, 0.000000, 0.000000, 1.000000),
 ["LeftLowerLeg"] = CFrame.new(0.000000, 0.000000, 0.000000, 1.000000, 0.000000, 0.000000, 0.000000, 0.934064, 0.357105, 0.000000, -0.357105, 0.934064),
 ["LeftUpperLeg"] = CFrame.new(0.000001, -0.000001, -0.000001, 1.000000, 0.000000, 0.000000, 0.000000, -0.127403, 0.991851, 0.000000, -0.991851, -0.127403),
 ["LowerTorso"] = CFrame.new(0.000000, 0.746019, 1.420326, 1.000000, 0.000000, 0.000000, 0.000000, -0.729662, 0.683808, 0.000000, -0.683808, -0.729662),
 ["RightLowerLeg"] = CFrame.new(0.000000, -0.000001, 0.000000, 1.000000, 0.000000, 0.000000, 0.000000, 0.903210, 0.429198, 0.000000, -0.429198, 0.903210),
 ["RightUpperLeg"] = CFrame.new(0.000000, 0.000000, 0.000000, 1.000000, 0.000000, 0.000000, 0.000000, -0.035519, 0.999369, 0.000000, -0.999369, -0.035519),
 ["UpperTorso"] = CFrame.new(0.000000, 0.000000, 0.000000, 1.000000, 0.000000, 0.000000, 0.000000, 1.000000, 0.000000, 0.000000, 0.000000, 1.000000),
 }},
 {Time = 1.067, Data = {
 ["HumanoidRootPart"] = CFrame.new(0.000000, 0.000000, 0.000000, 1.000000, 0.000000, 0.000000, 0.000000, 1.000000, 0.000000, 0.000000, 0.000000, 1.000000),
 ["LeftUpperLeg"] = CFrame.new(0.000001, 0.326946, -0.041996, 1.000000, 0.000000, 0.000000, 0.000000, -0.127400, 0.991851, 0.000000, -0.991851, -0.127400),
 ["LowerTorso"] = CFrame.new(0.000000, 0.746018, 1.420326, 1.000000, 0.000000, 0.000000, 0.000000, -0.911874, -0.410471, 0.000000, 0.410471, -0.911874),
 ["RightUpperLeg"] = CFrame.new(0.000000, 0.281330, -0.010005, 1.000000, 0.000000, 0.000000, 0.000000, -0.035537, 0.999368, 0.000000, -0.999368, -0.035537),
 ["UpperTorso"] = CFrame.new(0.000000, -0.000001, 0.000000, 1.000000, 0.000000, 0.000000, 0.000000, 0.225426, 0.974260, 0.000000, -0.974260, 0.225426),
 }},
 {Time = 1.400, Data = {
 ["HumanoidRootPart"] = CFrame.new(0.000000, 0.000000, 0.000000, 1.000000, 0.000000, 0.000000, 0.000000, 1.000000, 0.000000, 0.000000, 0.000000, 1.000000),
 ["LowerTorso"] = CFrame.new(0.000000, -0.041487, 1.065480, 1.000000, 0.000000, 0.000000, 0.000000, -0.410816, -0.911718, 0.000000, 0.911718, -0.410816),
 ["UpperTorso"] = CFrame.new(0.000000, -0.000001, 0.000000, 1.000000, 0.000000, 0.000000, 0.000000, -0.892407, 0.451231, 0.000000, -0.451231, -0.892407),
 }},
 {Time = 1.700, Data = {
 ["HumanoidRootPart"] = CFrame.new(0.000000, 0.000000, 0.000000, 1.000000, 0.000000, 0.000000, 0.000000, 1.000000, 0.000000, 0.000000, 0.000000, 1.000000),
 ["LowerTorso"] = CFrame.new(0.000000, -0.041487, 1.065480, 1.000000, 0.000000, 0.000000, 0.000000, 0.662525, -0.749040, 0.000000, 0.749040, 0.662525),
 }},
 {Time = 2.067, Data = {
 ["Head"] = CFrame.new(0.000000, 0.000000, 0.000000, 1.000000, 0.000000, 0.000000, 0.000000, 0.520177, -0.854058, 0.000000, 0.854058, 0.520177),
 ["HumanoidRootPart"] = CFrame.new(0.000000, 0.000000, 0.000000, 1.000000, 0.000000, 0.000000, 0.000000, 1.000000, 0.000000, 0.000000, 0.000000, 1.000000),
 ["LeftHand"] = CFrame.new(0.000000, 0.000000, 0.000000, 1.000000, 0.000000, 0.000000, 0.000000, 0.929152, 0.369698, 0.000000, -0.369698, 0.929152),
 ["LeftLowerArm"] = CFrame.new(0.000000, 0.000000, 0.000000, 1.000000, 0.000000, 0.000000, 0.000000, 1.000000, 0.000000, 0.000000, 0.000000, 1.000000),
 ["LeftLowerLeg"] = CFrame.new(0.000000, 0.000000, 0.000000, 1.000000, 0.000000, 0.000000, 0.000000, 0.678739, 0.734379, 0.000000, -0.734379, 0.678739),
 ["LeftUpperArm"] = CFrame.new(0.000000, 0.000001, 0.000000, 1.000000, 0.000000, 0.000000, 0.000000, -0.755534, -0.655109, 0.000000, 0.655109, -0.755534),
 ["LeftUpperLeg"] = CFrame.new(0.000000, 0.000000, 0.000000, 1.000000, 0.000000, 0.000000, 0.000000, 1.000000, 0.000000, 0.000000, 0.000000, 1.000000),
 ["LowerTorso"] = CFrame.new(0.000000, 0.156366, 1.606056, 1.000000, 0.000000, 0.000000, 0.000000, -0.239263, 0.970955, 0.000000, -0.970955, -0.239263),
 ["RightHand"] = CFrame.new(0.000000, 0.000000, 0.000000, 1.000000, 0.000000, 0.000000, 0.000000, 0.940938, 0.338580, 0.000000, -0.338580, 0.940938),
 ["RightLowerArm"] = CFrame.new(0.000000, 0.000000, 0.000000, 1.000000, 0.000000, 0.000000, 0.000000, 1.000000, 0.000000, 0.000000, 0.000000, 1.000000),
 ["RightLowerLeg"] = CFrame.new(0.000000, 0.000000, 0.000000, 1.000000, 0.000000, 0.000000, 0.000000, 0.383908, 0.923372, 0.000000, -0.923372, 0.383908),
 ["RightUpperArm"] = CFrame.new(0.000000, 0.000000, 0.000000, 1.000000, 0.000000, 0.000000, 0.000000, -0.789110, -0.614251, 0.000000, 0.614251, -0.789110),
 ["RightUpperLeg"] = CFrame.new(0.000000, 0.000000, 0.000000, 1.000000, 0.000000, 0.000000, 0.000000, 0.414913, 0.909861, 0.000000, -0.909861, 0.414913),
 ["UpperTorso"] = CFrame.new(0.000000, 0.000000, 0.000000, 1.000000, 0.000000, 0.000000, 0.000000, 0.990847, 0.134990, 0.000000, -0.134990, 0.990847),
 }},
 {Time = 2.367, Data = {
 ["HumanoidRootPart"] = CFrame.new(0.000000, 0.000000, 0.000000, 1.000000, 0.000000, 0.000000, 0.000000, 1.000000, 0.000000, 0.000000, 0.000000, 1.000000),
 ["LeftUpperArm"] = CFrame.new(0.000000, -0.181389, 0.157299, 1.000000, 0.000000, 0.000000, 0.000000, -0.755494, -0.655155, 0.000000, 0.655155, -0.755494),
 ["LeftUpperLeg"] = CFrame.new(0.000000, 0.000000, 0.000000, 1.000000, 0.000000, 0.000000, 0.000000, 0.788719, 0.614753, 0.000000, -0.614753, 0.788719),
 ["LowerTorso"] = CFrame.new(0.000000, 0.156356, 1.606056, 1.000000, 0.000000, 0.000000, 0.000000, -0.422322, 0.906446, 0.000000, -0.906446, -0.422322),
 ["RightLowerLeg"] = CFrame.new(0.000000, -0.000001, 0.000000, 1.000000, 0.000000, 0.000000, 0.000000, 0.992419, 0.122899, 0.000000, -0.122899, 0.992419),
 ["RightUpperArm"] = CFrame.new(0.000000, -0.219431, 0.170822, 1.000000, 0.000000, 0.000000, 0.000000, -0.789085, -0.614284, 0.000000, 0.614284, -0.789085),
 ["RightUpperLeg"] = CFrame.new(0.000000, 0.000000, 0.000000, 1.000000, 0.000000, 0.000000, 0.000000, -0.002535, 0.999997, 0.000000, -0.999997, -0.002535),
 ["UpperTorso"] = CFrame.new(0.000000, 0.000000, 0.000000, 1.000000, 0.000000, 0.000000, 0.000000, 1.000000, 0.000000, 0.000000, 0.000000, 1.000000),
 }},
 {Time = 2.700, Data = {
 ["Head"] = CFrame.new(0.000000, 0.000000, -0.000001, 1.000000, 0.000000, 0.000000, 0.000000, 0.906483, -0.422242, 0.000000, 0.422242, 0.906483),
 ["HumanoidRootPart"] = CFrame.new(0.000000, 0.000000, 0.000000, 1.000000, 0.000000, 0.000000, 0.000000, 1.000000, 0.000000, 0.000000, 0.000000, 1.000000),
 ["LeftLowerLeg"] = CFrame.new(0.000000, 0.000000, 0.000000, 1.000000, 0.000000, 0.000000, 0.000000, 0.934064, 0.357105, 0.000000, -0.357105, 0.934064),
 ["LeftUpperLeg"] = CFrame.new(0.000001, -0.000001, -0.000001, 1.000000, 0.000000, 0.000000, 0.000000, -0.127403, 0.991851, 0.000000, -0.991851, -0.127403),
 ["LowerTorso"] = CFrame.new(0.000000, 0.746019, 1.420326, 1.000000, 0.000000, 0.000000, 0.000000, -0.729662, 0.683808, 0.000000, -0.683808, -0.729662),
 ["RightLowerLeg"] = CFrame.new(0.000000, -0.000001, 0.000000, 1.000000, 0.000000, 0.000000, 0.000000, 0.903210, 0.429198, 0.000000, -0.429198, 0.903210),
 ["RightUpperLeg"] = CFrame.new(0.000000, 0.000000, 0.000000, 1.000000, 0.000000, 0.000000, 0.000000, -0.035519, 0.999369, 0.000000, -0.999369, -0.035519),
 ["UpperTorso"] = CFrame.new(0.000000, 0.000000, 0.000000, 1.000000, 0.000000, 0.000000, 0.000000, 1.000000, 0.000000, 0.000000, 0.000000, 1.000000),
 }},
 {Time = 3.100, Data = {
 ["HumanoidRootPart"] = CFrame.new(0.000000, 0.000000, 0.000000, 1.000000, 0.000000, 0.000000, 0.000000, 1.000000, 0.000000, 0.000000, 0.000000, 1.000000),
 ["LeftUpperLeg"] = CFrame.new(0.000001, 0.326946, -0.041996, 1.000000, 0.000000, 0.000000, 0.000000, -0.127400, 0.991851, 0.000000, -0.991851, -0.127400),
 ["LowerTorso"] = CFrame.new(0.000000, 0.746018, 1.420326, 1.000000, 0.000000, 0.000000, 0.000000, -0.911874, -0.410471, 0.000000, 0.410471, -0.911874),
 ["RightUpperLeg"] = CFrame.new(0.000000, 0.281330, -0.010005, 1.000000, 0.000000, 0.000000, 0.000000, -0.035537, 0.999368, 0.000000, -0.999368, -0.035537),
 ["UpperTorso"] = CFrame.new(0.000000, -0.000001, 0.000000, 1.000000, 0.000000, 0.000000, 0.000000, 0.225426, 0.974260, 0.000000, -0.974260, 0.225426),
 }},
 {Time = 3.433, Data = {
 ["HumanoidRootPart"] = CFrame.new(0.000000, 0.000000, 0.000000, 1.000000, 0.000000, 0.000000, 0.000000, 1.000000, 0.000000, 0.000000, 0.000000, 1.000000),
 ["LowerTorso"] = CFrame.new(0.000000, -0.041487, 1.065480, 1.000000, 0.000000, 0.000000, 0.000000, -0.410816, -0.911718, 0.000000, 0.911718, -0.410816),
 ["UpperTorso"] = CFrame.new(0.000000, -0.000001, 0.000000, 1.000000, 0.000000, 0.000000, 0.000000, -0.892407, 0.451231, 0.000000, -0.451231, -0.892407),
 }},
 {Time = 3.733, Data = {
 ["HumanoidRootPart"] = CFrame.new(0.000000, 0.000000, 0.000000, 1.000000, 0.000000, 0.000000, 0.000000, 1.000000, 0.000000, 0.000000, 0.000000, 1.000000),
 ["LowerTorso"] = CFrame.new(0.000000, -0.041487, 1.065480, 1.000000, 0.000000, 0.000000, 0.000000, 0.662525, -0.749040, 0.000000, 0.749040, 0.662525),
 }},
 {Time = 4.100, Data = {
 ["Head"] = CFrame.new(0.000000, 0.000000, 0.000000, 1.000000, 0.000000, 0.000000, 0.000000, 0.520177, -0.854058, 0.000000, 0.854058, 0.520177),
 ["HumanoidRootPart"] = CFrame.new(0.000000, 0.000000, 0.000000, 1.000000, 0.000000, 0.000000, 0.000000, 1.000000, 0.000000, 0.000000, 0.000000, 1.000000),
 ["LeftHand"] = CFrame.new(0.000000, 0.000000, 0.000000, 1.000000, 0.000000, 0.000000, 0.000000, 0.929152, 0.369698, 0.000000, -0.369698, 0.929152),
 ["LeftLowerArm"] = CFrame.new(0.000000, 0.000000, 0.000000, 1.000000, 0.000000, 0.000000, 0.000000, 1.000000, 0.000000, 0.000000, 0.000000, 1.000000),
 ["LeftLowerLeg"] = CFrame.new(0.000000, 0.000000, 0.000000, 1.000000, 0.000000, 0.000000, 0.000000, 0.678739, 0.734379, 0.000000, -0.734379, 0.678739),
 ["LeftUpperArm"] = CFrame.new(0.000000, 0.000001, 0.000000, 1.000000, 0.000000, 0.000000, 0.000000, -0.755534, -0.655109, 0.000000, 0.655109, -0.755534),
 ["LeftUpperLeg"] = CFrame.new(0.000000, 0.000000, 0.000000, 1.000000, 0.000000, 0.000000, 0.000000, 1.000000, 0.000000, 0.000000, 0.000000, 1.000000),
 ["LowerTorso"] = CFrame.new(0.000000, 0.156366, 1.606056, 1.000000, 0.000000, 0.000000, 0.000000, -0.239263, 0.970955, 0.000000, -0.970955, -0.239263),
 ["RightHand"] = CFrame.new(0.000000, 0.000000, 0.000000, 1.000000, 0.000000, 0.000000, 0.000000, 0.940938, 0.338580, 0.000000, -0.338580, 0.940938),
 ["RightLowerArm"] = CFrame.new(0.000000, 0.000000, 0.000000, 1.000000, 0.000000, 0.000000, 0.000000, 1.000000, 0.000000, 0.000000, 0.000000, 1.000000),
 ["RightLowerLeg"] = CFrame.new(0.000000, 0.000000, 0.000000, 1.000000, 0.000000, 0.000000, 0.000000, 0.383908, 0.923372, 0.000000, -0.923372, 0.383908),
 ["RightUpperArm"] = CFrame.new(0.000000, 0.000000, 0.000000, 1.000000, 0.000000, 0.000000, 0.000000, -0.789110, -0.614251, 0.000000, 0.614251, -0.789110),
 ["RightUpperLeg"] = CFrame.new(0.000000, 0.000000, 0.000000, 1.000000, 0.000000, 0.000000, 0.000000, 0.414913, 0.909861, 0.000000, -0.909861, 0.414913),
 ["UpperTorso"] = CFrame.new(0.000000, 0.000000, 0.000000, 1.000000, 0.000000, 0.000000, 0.000000, 0.990847, 0.134990, 0.000000, -0.134990, 0.990847),
 }},
 {Time = 4.367, Data = {
 ["HumanoidRootPart"] = CFrame.new(0.000000, 0.000000, 0.000000, 1.000000, 0.000000, 0.000000, 0.000000, 1.000000, 0.000000, 0.000000, 0.000000, 1.000000),
 ["LeftUpperArm"] = CFrame.new(0.000000, -0.181389, 0.157299, 1.000000, 0.000000, 0.000000, 0.000000, -0.755494, -0.655155, 0.000000, 0.655155, -0.755494),
 ["LeftUpperLeg"] = CFrame.new(0.000000, 0.000000, 0.000000, 1.000000, 0.000000, 0.000000, 0.000000, 0.788719, 0.614753, 0.000000, -0.614753, 0.788719),
 ["LowerTorso"] = CFrame.new(0.000000, 0.156356, 1.606056, 1.000000, 0.000000, 0.000000, 0.000000, -0.422322, 0.906446, 0.000000, -0.906446, -0.422322),
 ["RightLowerLeg"] = CFrame.new(0.000000, -0.000001, 0.000000, 1.000000, 0.000000, 0.000000, 0.000000, 0.992419, 0.122899, 0.000000, -0.122899, 0.992419),
 ["RightUpperArm"] = CFrame.new(0.000000, -0.219431, 0.170822, 1.000000, 0.000000, 0.000000, 0.000000, -0.789085, -0.614284, 0.000000, 0.614284, -0.789085),
 ["RightUpperLeg"] = CFrame.new(0.000000, 0.000000, 0.000000, 1.000000, 0.000000, 0.000000, 0.000000, -0.002535, 0.999997, 0.000000, -0.999997, -0.002535),
 ["UpperTorso"] = CFrame.new(0.000000, 0.000000, 0.000000, 1.000000, 0.000000, 0.000000, 0.000000, 1.000000, 0.000000, 0.000000, 0.000000, 1.000000),
 }},
 {Time = 4.700, Data = {
 ["Head"] = CFrame.new(0.000000, 0.000000, -0.000001, 1.000000, 0.000000, 0.000000, 0.000000, 0.906483, -0.422242, 0.000000, 0.422242, 0.906483),
 ["HumanoidRootPart"] = CFrame.new(0.000000, 0.000000, 0.000000, 1.000000, 0.000000, 0.000000, 0.000000, 1.000000, 0.000000, 0.000000, 0.000000, 1.000000),
 ["LeftLowerLeg"] = CFrame.new(0.000000, 0.000000, 0.000000, 1.000000, 0.000000, 0.000000, 0.000000, 0.934064, 0.357105, 0.000000, -0.357105, 0.934064),
 ["LeftUpperLeg"] = CFrame.new(0.000001, -0.000001, -0.000001, 1.000000, 0.000000, 0.000000, 0.000000, -0.127403, 0.991851, 0.000000, -0.991851, -0.127403),
 ["LowerTorso"] = CFrame.new(0.000000, 0.746019, 1.420326, 1.000000, 0.000000, 0.000000, 0.000000, -0.729662, 0.683808, 0.000000, -0.683808, -0.729662),
 ["RightLowerLeg"] = CFrame.new(0.000000, -0.000001, 0.000000, 1.000000, 0.000000, 0.000000, 0.000000, 0.903210, 0.429198, 0.000000, -0.429198, 0.903210),
 ["RightUpperLeg"] = CFrame.new(0.000000, 0.000000, 0.000000, 1.000000, 0.000000, 0.000000, 0.000000, -0.035519, 0.999369, 0.000000, -0.999369, -0.035519),
 ["UpperTorso"] = CFrame.new(0.000000, 0.000000, 0.000000, 1.000000, 0.000000, 0.000000, 0.000000, 1.000000, 0.000000, 0.000000, 0.000000, 1.000000),
 }},
 {Time = 5.100, Data = {
 ["HumanoidRootPart"] = CFrame.new(0.000000, 0.000000, 0.000000, 1.000000, 0.000000, 0.000000, 0.000000, 1.000000, 0.000000, 0.000000, 0.000000, 1.000000),
 ["LeftUpperLeg"] = CFrame.new(0.000001, 0.326946, -0.041996, 1.000000, 0.000000, 0.000000, 0.000000, -0.127400, 0.991851, 0.000000, -0.991851, -0.127400),
 ["LowerTorso"] = CFrame.new(0.000000, 0.746018, 1.420326, 1.000000, 0.000000, 0.000000, 0.000000, -0.911874, -0.410471, 0.000000, 0.410471, -0.911874),
 ["RightUpperLeg"] = CFrame.new(0.000000, 0.281330, -0.010005, 1.000000, 0.000000, 0.000000, 0.000000, -0.035537, 0.999368, 0.000000, -0.999368, -0.035537),
 ["UpperTorso"] = CFrame.new(0.000000, -0.000001, 0.000000, 1.000000, 0.000000, 0.000000, 0.000000, 0.225426, 0.974260, 0.000000, -0.974260, 0.225426),
 }},
 {Time = 5.433, Data = {
 ["HumanoidRootPart"] = CFrame.new(0.000000, 0.000000, 0.000000, 1.000000, 0.000000, 0.000000, 0.000000, 1.000000, 0.000000, 0.000000, 0.000000, 1.000000),
 ["LowerTorso"] = CFrame.new(0.000000, -0.041487, 1.065480, 1.000000, 0.000000, 0.000000, 0.000000, -0.410816, -0.911718, 0.000000, 0.911718, -0.410816),
 ["UpperTorso"] = CFrame.new(0.000000, -0.000001, 0.000000, 1.000000, 0.000000, 0.000000, 0.000000, -0.892407, 0.451231, 0.000000, -0.451231, -0.892407),
 }},
 {Time = 5.733, Data = {
 ["HumanoidRootPart"] = CFrame.new(0.000000, 0.000000, 0.000000, 1.000000, 0.000000, 0.000000, 0.000000, 1.000000, 0.000000, 0.000000, 0.000000, 1.000000),
 ["LowerTorso"] = CFrame.new(0.000000, -0.041487, 1.065480, 1.000000, 0.000000, 0.000000, 0.000000, 0.662525, -0.749040, 0.000000, 0.749040, 0.662525),
 }},
 {Time = 6.100, Data = {
 ["Head"] = CFrame.new(0.000000, 0.000000, 0.000000, 1.000000, 0.000000, 0.000000, 0.000000, 0.520177, -0.854058, 0.000000, 0.854058, 0.520177),
 ["HumanoidRootPart"] = CFrame.new(0.000000, 0.000000, 0.000000, 1.000000, 0.000000, 0.000000, 0.000000, 1.000000, 0.000000, 0.000000, 0.000000, 1.000000),
 ["LeftHand"] = CFrame.new(0.000000, 0.000000, 0.000000, 1.000000, 0.000000, 0.000000, 0.000000, 0.929152, 0.369698, 0.000000, -0.369698, 0.929152),
 ["LeftLowerArm"] = CFrame.new(0.000000, 0.000000, 0.000000, 1.000000, 0.000000, 0.000000, 0.000000, 1.000000, 0.000000, 0.000000, 0.000000, 1.000000),
 ["LeftLowerLeg"] = CFrame.new(0.000000, 0.000000, 0.000000, 1.000000, 0.000000, 0.000000, 0.000000, 0.678739, 0.734379, 0.000000, -0.734379, 0.678739),
 ["LeftUpperArm"] = CFrame.new(0.000000, 0.000001, 0.000000, 1.000000, 0.000000, 0.000000, 0.000000, -0.755534, -0.655109, 0.000000, 0.655109, -0.755534),
 ["LeftUpperLeg"] = CFrame.new(0.000000, 0.000000, 0.000000, 1.000000, 0.000000, 0.000000, 0.000000, 1.000000, 0.000000, 0.000000, 0.000000, 1.000000),
 ["LowerTorso"] = CFrame.new(0.000000, 0.156366, 1.606056, 1.000000, 0.000000, 0.000000, 0.000000, -0.239263, 0.970955, 0.000000, -0.970955, -0.239263),
 ["RightHand"] = CFrame.new(0.000000, 0.000000, 0.000000, 1.000000, 0.000000, 0.000000, 0.000000, 0.940938, 0.338580, 0.000000, -0.338580, 0.940938),
 ["RightLowerArm"] = CFrame.new(0.000000, 0.000000, 0.000000, 1.000000, 0.000000, 0.000000, 0.000000, 1.000000, 0.000000, 0.000000, 0.000000, 1.000000),
 ["RightLowerLeg"] = CFrame.new(0.000000, 0.000000, 0.000000, 1.000000, 0.000000, 0.000000, 0.000000, 0.383908, 0.923372, 0.000000, -0.923372, 0.383908),
 ["RightUpperArm"] = CFrame.new(0.000000, 0.000000, 0.000000, 1.000000, 0.000000, 0.000000, 0.000000, -0.789110, -0.614251, 0.000000, 0.614251, -0.789110),
 ["RightUpperLeg"] = CFrame.new(0.000000, 0.000000, 0.000000, 1.000000, 0.000000, 0.000000, 0.000000, 0.414913, 0.909861, 0.000000, -0.909861, 0.414913),
 ["UpperTorso"] = CFrame.new(0.000000, 0.000000, 0.000000, 1.000000, 0.000000, 0.000000, 0.000000, 0.990847, 0.134990, 0.000000, -0.134990, 0.990847),
 }},
 {Time = 6.467, Data = {
 ["HumanoidRootPart"] = CFrame.new(0.000000, 0.000000, 0.000000, 1.000000, 0.000000, 0.000000, 0.000000, 1.000000, 0.000000, 0.000000, 0.000000, 1.000000),
 ["LeftUpperArm"] = CFrame.new(0.000000, -0.181389, 0.157299, 1.000000, 0.000000, 0.000000, 0.000000, -0.755494, -0.655155, 0.000000, 0.655155, -0.755494),
 ["LeftUpperLeg"] = CFrame.new(0.000000, 0.000000, 0.000000, 1.000000, 0.000000, 0.000000, 0.000000, 0.788719, 0.614753, 0.000000, -0.614753, 0.788719),
 ["LowerTorso"] = CFrame.new(0.000000, 0.156356, 1.606056, 1.000000, 0.000000, 0.000000, 0.000000, -0.422322, 0.906446, 0.000000, -0.906446, -0.422322),
 ["RightLowerLeg"] = CFrame.new(0.000000, -0.000001, 0.000000, 1.000000, 0.000000, 0.000000, 0.000000, 0.992419, 0.122899, 0.000000, -0.122899, 0.992419),
 ["RightUpperArm"] = CFrame.new(0.000000, -0.219431, 0.170822, 1.000000, 0.000000, 0.000000, 0.000000, -0.789085, -0.614284, 0.000000, 0.614284, -0.789085),
 ["RightUpperLeg"] = CFrame.new(0.000000, 0.000000, 0.000000, 1.000000, 0.000000, 0.000000, 0.000000, -0.002535, 0.999997, 0.000000, -0.999997, -0.002535),
 ["UpperTorso"] = CFrame.new(0.000000, 0.000000, 0.000000, 1.000000, 0.000000, 0.000000, 0.000000, 1.000000, 0.000000, 0.000000, 0.000000, 1.000000),
 }},
 {Time = 6.800, Data = {
 ["Head"] = CFrame.new(0.000000, 0.000000, -0.000001, 1.000000, 0.000000, 0.000000, 0.000000, 0.906483, -0.422242, 0.000000, 0.422242, 0.906483),
 ["HumanoidRootPart"] = CFrame.new(0.000000, 0.000000, 0.000000, 1.000000, 0.000000, 0.000000, 0.000000, 1.000000, 0.000000, 0.000000, 0.000000, 1.000000),
 ["LeftLowerLeg"] = CFrame.new(0.000000, 0.000000, 0.000000, 1.000000, 0.000000, 0.000000, 0.000000, 0.934064, 0.357105, 0.000000, -0.357105, 0.934064),
 ["LeftUpperLeg"] = CFrame.new(0.000001, -0.000001, -0.000001, 1.000000, 0.000000, 0.000000, 0.000000, -0.127403, 0.991851, 0.000000, -0.991851, -0.127403),
 ["LowerTorso"] = CFrame.new(0.000000, 0.746019, 1.420326, 1.000000, 0.000000, 0.000000, 0.000000, -0.729662, 0.683808, 0.000000, -0.683808, -0.729662),
 ["RightLowerLeg"] = CFrame.new(0.000000, -0.000001, 0.000000, 1.000000, 0.000000, 0.000000, 0.000000, 0.903210, 0.429198, 0.000000, -0.429198, 0.903210),
 ["RightUpperLeg"] = CFrame.new(0.000000, 0.000000, 0.000000, 1.000000, 0.000000, 0.000000, 0.000000, -0.035519, 0.999369, 0.000000, -0.999369, -0.035519),
 ["UpperTorso"] = CFrame.new(0.000000, 0.000000, 0.000000, 1.000000, 0.000000, 0.000000, 0.000000, 1.000000, 0.000000, 0.000000, 0.000000, 1.000000),
 }},
 {Time = 7.200, Data = {
 ["HumanoidRootPart"] = CFrame.new(0.000000, 0.000000, 0.000000, 1.000000, 0.000000, 0.000000, 0.000000, 1.000000, 0.000000, 0.000000, 0.000000, 1.000000),
 ["LeftUpperLeg"] = CFrame.new(0.000001, 0.326946, -0.041996, 1.000000, 0.000000, 0.000000, 0.000000, -0.127400, 0.991851, 0.000000, -0.991851, -0.127400),
 ["LowerTorso"] = CFrame.new(0.000000, 0.746018, 1.420326, 1.000000, 0.000000, 0.000000, 0.000000, -0.911874, -0.410471, 0.000000, 0.410471, -0.911874),
 ["RightUpperLeg"] = CFrame.new(0.000000, 0.281330, -0.010005, 1.000000, 0.000000, 0.000000, 0.000000, -0.035537, 0.999368, 0.000000, -0.999368, -0.035537),
 ["UpperTorso"] = CFrame.new(0.000000, -0.000001, 0.000000, 1.000000, 0.000000, 0.000000, 0.000000, 0.225426, 0.974260, 0.000000, -0.974260, 0.225426),
 }},
 {Time = 7.533, Data = {
 ["HumanoidRootPart"] = CFrame.new(0.000000, 0.000000, 0.000000, 1.000000, 0.000000, 0.000000, 0.000000, 1.000000, 0.000000, 0.000000, 0.000000, 1.000000),
 ["LowerTorso"] = CFrame.new(0.000000, -0.041487, 1.065480, 1.000000, 0.000000, 0.000000, 0.000000, -0.410816, -0.911718, 0.000000, 0.911718, -0.410816),
 ["UpperTorso"] = CFrame.new(0.000000, -0.000001, 0.000000, 1.000000, 0.000000, 0.000000, 0.000000, -0.892407, 0.451231, 0.000000, -0.451231, -0.892407),
 }},
 {Time = 7.833, Data = {
 ["HumanoidRootPart"] = CFrame.new(0.000000, 0.000000, 0.000000, 1.000000, 0.000000, 0.000000, 0.000000, 1.000000, 0.000000, 0.000000, 0.000000, 1.000000),
 ["LowerTorso"] = CFrame.new(0.000000, -0.041487, 1.065480, 1.000000, 0.000000, 0.000000, 0.000000, 0.662525, -0.749040, 0.000000, 0.749040, 0.662525),
 }},
 {Time = 8.200, Data = {
 ["Head"] = CFrame.new(0.000000, 0.000000, 0.000000, 1.000000, 0.000000, 0.000000, 0.000000, 0.520177, -0.854058, 0.000000, 0.854058, 0.520177),
 ["HumanoidRootPart"] = CFrame.new(0.000000, 0.000000, 0.000000, 1.000000, 0.000000, 0.000000, 0.000000, 1.000000, 0.000000, 0.000000, 0.000000, 1.000000),
 ["LeftHand"] = CFrame.new(0.000000, 0.000000, 0.000000, 1.000000, 0.000000, 0.000000, 0.000000, 0.929152, 0.369698, 0.000000, -0.369698, 0.929152),
 ["LeftLowerArm"] = CFrame.new(0.000000, 0.000000, 0.000000, 1.000000, 0.000000, 0.000000, 0.000000, 1.000000, 0.000000, 0.000000, 0.000000, 1.000000),
 ["LeftLowerLeg"] = CFrame.new(0.000000, 0.000000, 0.000000, 1.000000, 0.000000, 0.000000, 0.000000, 0.678739, 0.734379, 0.000000, -0.734379, 0.678739),
 ["LeftUpperArm"] = CFrame.new(0.000000, 0.000001, 0.000000, 1.000000, 0.000000, 0.000000, 0.000000, -0.755534, -0.655109, 0.000000, 0.655109, -0.755534),
 ["LeftUpperLeg"] = CFrame.new(0.000000, 0.000000, 0.000000, 1.000000, 0.000000, 0.000000, 0.000000, 1.000000, 0.000000, 0.000000, 0.000000, 1.000000),
 ["LowerTorso"] = CFrame.new(0.000000, 0.156366, 1.606056, 1.000000, 0.000000, 0.000000, 0.000000, -0.239263, 0.970955, 0.000000, -0.970955, -0.239263),
 ["RightHand"] = CFrame.new(0.000000, 0.000000, 0.000000, 1.000000, 0.000000, 0.000000, 0.000000, 0.940938, 0.338580, 0.000000, -0.338580, 0.940938),
 ["RightLowerArm"] = CFrame.new(0.000000, 0.000000, 0.000000, 1.000000, 0.000000, 0.000000, 0.000000, 1.000000, 0.000000, 0.000000, 0.000000, 1.000000),
 ["RightLowerLeg"] = CFrame.new(0.000000, 0.000000, 0.000000, 1.000000, 0.000000, 0.000000, 0.000000, 0.383908, 0.923372, 0.000000, -0.923372, 0.383908),
 ["RightUpperArm"] = CFrame.new(0.000000, 0.000000, 0.000000, 1.000000, 0.000000, 0.000000, 0.000000, -0.789110, -0.614251, 0.000000, 0.614251, -0.789110),
 ["RightUpperLeg"] = CFrame.new(0.000000, 0.000000, 0.000000, 1.000000, 0.000000, 0.000000, 0.000000, 0.414913, 0.909861, 0.000000, -0.909861, 0.414913),
 ["UpperTorso"] = CFrame.new(0.000000, 0.000000, 0.000000, 1.000000, 0.000000, 0.000000, 0.000000, 0.990847, 0.134990, 0.000000, -0.134990, 0.990847),
 }},
 {Time = 8.567, Data = {
 ["HumanoidRootPart"] = CFrame.new(0.000000, 0.000000, 0.000000, 1.000000, 0.000000, 0.000000, 0.000000, 1.000000, 0.000000, 0.000000, 0.000000, 1.000000),
 ["LeftUpperArm"] = CFrame.new(0.000000, -0.181389, 0.157299, 1.000000, 0.000000, 0.000000, 0.000000, -0.755494, -0.655155, 0.000000, 0.655155, -0.755494),
 ["LeftUpperLeg"] = CFrame.new(0.000000, 0.000000, 0.000000, 1.000000, 0.000000, 0.000000, 0.000000, 0.788719, 0.614753, 0.000000, -0.614753, 0.788719),
 ["LowerTorso"] = CFrame.new(0.000000, 0.156356, 1.606056, 1.000000, 0.000000, 0.000000, 0.000000, -0.422322, 0.906446, 0.000000, -0.906446, -0.422322),
 ["RightLowerLeg"] = CFrame.new(0.000000, -0.000001, 0.000000, 1.000000, 0.000000, 0.000000, 0.000000, 0.992419, 0.122899, 0.000000, -0.122899, 0.992419),
 ["RightUpperArm"] = CFrame.new(0.000000, -0.219431, 0.170822, 1.000000, 0.000000, 0.000000, 0.000000, -0.789085, -0.614284, 0.000000, 0.614284, -0.789085),
 ["RightUpperLeg"] = CFrame.new(0.000000, 0.000000, 0.000000, 1.000000, 0.000000, 0.000000, 0.000000, -0.002535, 0.999997, 0.000000, -0.999997, -0.002535),
 ["UpperTorso"] = CFrame.new(0.000000, 0.000000, 0.000000, 1.000000, 0.000000, 0.000000, 0.000000, 1.000000, 0.000000, 0.000000, 0.000000, 1.000000),
 }},
 {Time = 8.900, Data = {
 ["Head"] = CFrame.new(0.000000, 0.000000, -0.000001, 1.000000, 0.000000, 0.000000, 0.000000, 0.906483, -0.422242, 0.000000, 0.422242, 0.906483),
 ["HumanoidRootPart"] = CFrame.new(0.000000, 0.000000, 0.000000, 1.000000, 0.000000, 0.000000, 0.000000, 1.000000, 0.000000, 0.000000, 0.000000, 1.000000),
 ["LeftLowerLeg"] = CFrame.new(0.000000, 0.000000, 0.000000, 1.000000, 0.000000, 0.000000, 0.000000, 0.934064, 0.357105, 0.000000, -0.357105, 0.934064),
 ["LeftUpperLeg"] = CFrame.new(0.000001, -0.000001, -0.000001, 1.000000, 0.000000, 0.000000, 0.000000, -0.127403, 0.991851, 0.000000, -0.991851, -0.127403),
 ["LowerTorso"] = CFrame.new(0.000000, 0.746019, 1.420326, 1.000000, 0.000000, 0.000000, 0.000000, -0.729662, 0.683808, 0.000000, -0.683808, -0.729662),
 ["RightLowerLeg"] = CFrame.new(0.000000, -0.000001, 0.000000, 1.000000, 0.000000, 0.000000, 0.000000, 0.903210, 0.429198, 0.000000, -0.429198, 0.903210),
 ["RightUpperLeg"] = CFrame.new(0.000000, 0.000000, 0.000000, 1.000000, 0.000000, 0.000000, 0.000000, -0.035519, 0.999369, 0.000000, -0.999369, -0.035519),
 ["UpperTorso"] = CFrame.new(0.000000, 0.000000, 0.000000, 1.000000, 0.000000, 0.000000, 0.000000, 1.000000, 0.000000, 0.000000, 0.000000, 1.000000),
 }},
 {Time = 9.300, Data = {
 ["HumanoidRootPart"] = CFrame.new(0.000000, 0.000000, 0.000000, 1.000000, 0.000000, 0.000000, 0.000000, 1.000000, 0.000000, 0.000000, 0.000000, 1.000000),
 ["LeftUpperLeg"] = CFrame.new(0.000001, 0.326946, -0.041996, 1.000000, 0.000000, 0.000000, 0.000000, -0.127400, 0.991851, 0.000000, -0.991851, -0.127400),
 ["LowerTorso"] = CFrame.new(0.000000, 0.746018, 1.420326, 1.000000, 0.000000, 0.000000, 0.000000, -0.911874, -0.410471, 0.000000, 0.410471, -0.911874),
 ["RightUpperLeg"] = CFrame.new(0.000000, 0.281330, -0.010005, 1.000000, 0.000000, 0.000000, 0.000000, -0.035537, 0.999368, 0.000000, -0.999368, -0.035537),
 ["UpperTorso"] = CFrame.new(0.000000, -0.000001, 0.000000, 1.000000, 0.000000, 0.000000, 0.000000, 0.225426, 0.974260, 0.000000, -0.974260, 0.225426),
 }},
 {Time = 9.633, Data = {
 ["HumanoidRootPart"] = CFrame.new(0.000000, 0.000000, 0.000000, 1.000000, 0.000000, 0.000000, 0.000000, 1.000000, 0.000000, 0.000000, 0.000000, 1.000000),
 ["LowerTorso"] = CFrame.new(0.000000, -0.041487, 1.065480, 1.000000, 0.000000, 0.000000, 0.000000, -0.410816, -0.911718, 0.000000, 0.911718, -0.410816),
 ["UpperTorso"] = CFrame.new(0.000000, -0.000001, 0.000000, 1.000000, 0.000000, 0.000000, 0.000000, -0.892407, 0.451231, 0.000000, -0.451231, -0.892407),
 }},
 {Time = 9.933, Data = {
 ["HumanoidRootPart"] = CFrame.new(0.000000, 0.000000, 0.000000, 1.000000, 0.000000, 0.000000, 0.000000, 1.000000, 0.000000, 0.000000, 0.000000, 1.000000),
 ["LowerTorso"] = CFrame.new(0.000000, -0.041487, 1.065480, 1.000000, 0.000000, 0.000000, 0.000000, 0.662525, -0.749040, 0.000000, 0.749040, 0.662525),
 }},
 {Time = 10.300, Data = {
 ["Head"] = CFrame.new(0.000000, 0.000000, 0.000000, 1.000000, 0.000000, 0.000000, 0.000000, 0.520177, -0.854058, 0.000000, 0.854058, 0.520177),
 ["HumanoidRootPart"] = CFrame.new(0.000000, 0.000000, 0.000000, 1.000000, 0.000000, 0.000000, 0.000000, 1.000000, 0.000000, 0.000000, 0.000000, 1.000000),
 ["LeftHand"] = CFrame.new(0.000000, 0.000000, 0.000000, 1.000000, 0.000000, 0.000000, 0.000000, 0.929152, 0.369698, 0.000000, -0.369698, 0.929152),
 ["LeftLowerArm"] = CFrame.new(0.000000, 0.000000, 0.000000, 1.000000, 0.000000, 0.000000, 0.000000, 1.000000, 0.000000, 0.000000, 0.000000, 1.000000),
 ["LeftLowerLeg"] = CFrame.new(0.000000, 0.000000, 0.000000, 1.000000, 0.000000, 0.000000, 0.000000, 0.678739, 0.734379, 0.000000, -0.734379, 0.678739),
 ["LeftUpperArm"] = CFrame.new(0.000000, 0.000001, 0.000000, 1.000000, 0.000000, 0.000000, 0.000000, -0.755534, -0.655109, 0.000000, 0.655109, -0.755534),
 ["LeftUpperLeg"] = CFrame.new(0.000000, 0.000000, 0.000000, 1.000000, 0.000000, 0.000000, 0.000000, 1.000000, 0.000000, 0.000000, 0.000000, 1.000000),
 ["LowerTorso"] = CFrame.new(0.000000, 0.156366, 1.606056, 1.000000, 0.000000, 0.000000, 0.000000, -0.239263, 0.970955, 0.000000, -0.970955, -0.239263),
 ["RightHand"] = CFrame.new(0.000000, 0.000000, 0.000000, 1.000000, 0.000000, 0.000000, 0.000000, 0.940938, 0.338580, 0.000000, -0.338580, 0.940938),
 ["RightLowerArm"] = CFrame.new(0.000000, 0.000000, 0.000000, 1.000000, 0.000000, 0.000000, 0.000000, 1.000000, 0.000000, 0.000000, 0.000000, 1.000000),
 ["RightLowerLeg"] = CFrame.new(0.000000, 0.000000, 0.000000, 1.000000, 0.000000, 0.000000, 0.000000, 0.383908, 0.923372, 0.000000, -0.923372, 0.383908),
 ["RightUpperArm"] = CFrame.new(0.000000, 0.000000, 0.000000, 1.000000, 0.000000, 0.000000, 0.000000, -0.789110, -0.614251, 0.000000, 0.614251, -0.789110),
 ["RightUpperLeg"] = CFrame.new(0.000000, 0.000000, 0.000000, 1.000000, 0.000000, 0.000000, 0.000000, 0.414913, 0.909861, 0.000000, -0.909861, 0.414913),
 ["UpperTorso"] = CFrame.new(0.000000, 0.000000, 0.000000, 1.000000, 0.000000, 0.000000, 0.000000, 0.990847, 0.134990, 0.000000, -0.134990, 0.990847),
 }},
 },
}
