return {
 ["anim_114081964346680"] = {
 {Time = 0.000, Data = {
 ["Head"] = CFrame.new(0.000000, 0.000000, 0.000000, 1.000000, 0.000000, 0.000000, 0.000000, 0.467088, -0.884211, 0.000000, 0.884211, 0.467088),
 ["HumanoidRootPart"] = CFrame.new(0.000000, 0.000000, 0.000000, 1.000000, 0.000000, 0.000000, 0.000000, 1.000000, 0.000000, 0.000000, 0.000000, 1.000000),
 ["LeftLowerArm"] = CFrame.new(0.000000, 0.000000, 0.000000, 1.000000, 0.000000, 0.000000, 0.000000, 1.000000, 0.000000, 0.000000, 0.000000, 1.000000),
 ["LeftUpperArm"] = CFrame.new(0.000000, 0.000000, 0.000000, 1.000000, 0.000000, 0.000000, 0.000000, -0.986369, -0.164548, 0.000000, 0.164548, -0.986369),
 ["LeftUpperLeg"] = CFrame.new(0.000000, 0.000000, 0.000000, 1.000000, 0.000000, 0.000000, 0.000000, 1.000000, 0.000000, 0.000000, 0.000000, 1.000000),
 ["LowerTorso"] = CFrame.new(0.000000, 1.245167, 0.000000, 1.000000, 0.000000, 0.000000, 0.000000, -0.373997, 0.927430, 0.000000, -0.927430, -0.373997),
 ["RightLowerArm"] = CFrame.new(0.000000, 0.000000, 0.000000, 1.000000, 0.000000, 0.000000, 0.000000, 1.000000, 0.000000, 0.000000, 0.000000, 1.000000),
 ["RightUpperArm"] = CFrame.new(0.000000, 0.000000, 0.000000, 1.000000, 0.000000, 0.000000, 0.000000, -0.997943, -0.064111, 0.000000, 0.064111, -0.997943),
 ["RightUpperLeg"] = CFrame.new(0.000000, 0.000000, 0.000000, 1.000000, 0.000000, 0.000000, 0.000000, 1.000000, 0.000000, 0.000000, 0.000000, 1.000000),
 ["UpperTorso"] = CFrame.new(0.000000, 0.000000, 0.000000, 1.000000, 0.000000, 0.000000, 0.000000, 0.986865, 0.161549, 0.000000, -0.161549, 0.986865),
 }},
 {Time = 0.233, Data = {
 ["Head"] = CFrame.new(0.000000, 0.000000, 0.000000, 1.000000, 0.000000, 0.000000, 0.000000, 0.947287, 0.320386, 0.000000, -0.320386, 0.947287),
 ["HumanoidRootPart"] = CFrame.new(0.000000, 0.000000, 0.000000, 1.000000, 0.000000, 0.000000, 0.000000, 1.000000, 0.000000, 0.000000, 0.000000, 1.000000),
 ["LeftLowerArm"] = CFrame.new(0.000000, 0.000000, 0.000000, 1.000000, 0.000000, 0.000000, 0.000000, 0.999843, -0.017738, 0.000000, 0.017738, 0.999843),
 ["LeftUpperArm"] = CFrame.new(0.000000, -0.280210, 0.046717, 1.000000, 0.000000, 0.000000, 0.000000, -0.772719, -0.634748, 0.000000, 0.634748, -0.772719),
 ["LeftUpperLeg"] = CFrame.new(0.000000, 0.000000, -0.000001, 1.000000, 0.000000, 0.000000, 0.000000, 0.834952, 0.550323, 0.000000, -0.550323, 0.834952),
 ["LowerTorso"] = CFrame.new(0.000000, 0.494437, 0.800573, 1.000000, 0.000000, 0.000000, 0.000000, -0.716097, 0.698001, 0.000000, -0.698001, -0.716097),
 ["RightLowerArm"] = CFrame.new(0.000002, 0.000000, 0.000000, 1.000000, 0.000000, 0.000000, 0.000000, 0.995399, 0.095821, 0.000000, -0.095821, 0.995399),
 ["RightUpperArm"] = CFrame.new(0.000000, -0.306318, 0.019679, 1.000000, 0.000000, 0.000000, 0.000000, -0.858542, -0.512744, 0.000000, 0.512744, -0.858542),
 ["RightUpperLeg"] = CFrame.new(0.000000, 0.000000, 0.000000, 1.000000, 0.000000, 0.000000, 0.000000, 0.256625, 0.966511, 0.000000, -0.966511, 0.256625),
 ["UpperTorso"] = CFrame.new(0.000000, 0.000000, 0.000000, 1.000000, 0.000000, 0.000000, 0.000000, 1.000000, 0.000000, 0.000000, 0.000000, 1.000000),
 }},
 {Time = 0.500, Data = {
 ["HumanoidRootPart"] = CFrame.new(0.000000, 0.000000, 0.000000, 1.000000, 0.000000, 0.000000, 0.000000, 1.000000, 0.000000, 0.000000, 0.000000, 1.000000),
 ["LeftLowerArm"] = CFrame.new(-0.000001, 0.000000, 0.000000, 0.999999, 0.000000, 0.000000, 0.000000, 0.954500, 0.298211, 0.000000, -0.298211, 0.954500),
 ["LeftUpperArm"] = CFrame.new(0.000000, -0.280211, 0.046716, 1.000000, 0.000000, 0.000000, 0.000000, -0.999761, -0.021849, 0.000000, 0.021849, -0.999761),
 ["LeftUpperLeg"] = CFrame.new(-0.000001, -0.000001, -0.000001, 0.999999, 0.000000, 0.000000, 0.000000, 0.430354, 0.902660, 0.000000, -0.902660, 0.430354),
 ["LowerTorso"] = CFrame.new(0.000000, 1.154161, -0.789424, 1.000000, 0.000000, 0.000000, 0.000000, -0.923677, 0.383172, 0.000000, -0.383172, -0.923677),
 ["RightLowerArm"] = CFrame.new(0.000005, -0.000001, -0.000002, 0.999999, 0.000000, 0.000000, 0.000000, 0.998342, 0.057556, 0.000000, -0.057556, 0.998342),
 ["RightUpperArm"] = CFrame.new(0.000000, -0.306317, 0.019680, 1.000000, 0.000000, 0.000000, 0.000000, -0.990243, -0.139352, 0.000000, 0.139352, -0.990243),
 ["UpperTorso"] = CFrame.new(0.000000, 0.000000, 0.000000, 1.000000, 0.000000, 0.000000, 0.000000, 0.587267, 0.809393, 0.000000, -0.809393, 0.587267),
 }},
 {Time = 0.833, Data = {
 ["HumanoidRootPart"] = CFrame.new(0.000000, 0.000000, 0.000000, 1.000000, 0.000000, 0.000000, 0.000000, 1.000000, 0.000000, 0.000000, 0.000000, 1.000000),
 ["LeftLowerArm"] = CFrame.new(-0.000001, 0.000000, -0.000001, 1.000000, 0.000000, 0.000000, 0.000000, 0.999620, -0.027585, 0.000000, 0.027585, 0.999620),
 ["LeftUpperArm"] = CFrame.new(0.000000, -0.280210, 0.046715, 1.000000, 0.000000, 0.000000, 0.000000, -0.691426, -0.722447, 0.000000, 0.722447, -0.691426),
 ["LeftUpperLeg"] = CFrame.new(-0.000001, -0.000002, 0.000000, 1.000000, 0.000000, 0.000000, 0.000000, 0.295977, 0.955195, 0.000000, -0.955195, 0.295977),
 ["LowerTorso"] = CFrame.new(0.000000, 1.154161, -0.789424, 1.000000, 0.000000, 0.000000, 0.000000, 0.837463, -0.546495, 0.000000, 0.546495, 0.837463),
 ["RightUpperArm"] = CFrame.new(0.000000, -0.306316, 0.019680, 1.000000, 0.000000, 0.000000, 0.000000, -0.601739, -0.798693, 0.000000, 0.798693, -0.601739),
 ["RightUpperLeg"] = CFrame.new(0.000000, 0.000000, 0.000001, 1.000000, 0.000000, 0.000000, 0.000000, 0.289043, 0.957316, 0.000000, -0.957316, 0.289043),
 ["UpperTorso"] = CFrame.new(0.000000, -0.000001, 0.000000, 1.000000, 0.000000, 0.000000, 0.000000, -0.157104, 0.987582, 0.000000, -0.987582, -0.157104),
 }},
 {Time = 1.167, Data = {
 ["Head"] = CFrame.new(0.000000, 0.000000, 0.000000, 1.000000, 0.000000, 0.000000, 0.000000, 0.467088, -0.884211, 0.000000, 0.884211, 0.467088),
 ["HumanoidRootPart"] = CFrame.new(0.000000, 0.000000, 0.000000, 1.000000, 0.000000, 0.000000, 0.000000, 1.000000, 0.000000, 0.000000, 0.000000, 1.000000),
 ["LeftLowerArm"] = CFrame.new(0.000000, 0.000000, 0.000000, 1.000000, 0.000000, 0.000000, 0.000000, 1.000000, 0.000000, 0.000000, 0.000000, 1.000000),
 ["LeftUpperArm"] = CFrame.new(0.000000, 0.000000, 0.000000, 1.000000, 0.000000, 0.000000, 0.000000, -0.986369, -0.164548, 0.000000, 0.164548, -0.986369),
 ["LeftUpperLeg"] = CFrame.new(0.000000, 0.000000, 0.000000, 1.000000, 0.000000, 0.000000, 0.000000, 1.000000, 0.000000, 0.000000, 0.000000, 1.000000),
 ["LowerTorso"] = CFrame.new(0.000000, 1.245167, 0.000000, 1.000000, 0.000000, 0.000000, 0.000000, -0.373997, 0.927430, 0.000000, -0.927430, -0.373997),
 ["RightLowerArm"] = CFrame.new(0.000000, 0.000000, 0.000000, 1.000000, 0.000000, 0.000000, 0.000000, 1.000000, 0.000000, 0.000000, 0.000000, 1.000000),
 ["RightUpperArm"] = CFrame.new(0.000000, 0.000000, 0.000000, 1.000000, 0.000000, 0.000000, 0.000000, -0.997943, -0.064111, 0.000000, 0.064111, -0.997943),
 ["RightUpperLeg"] = CFrame.new(0.000000, 0.000000, 0.000000, 1.000000, 0.000000, 0.000000, 0.000000, 1.000000, 0.000000, 0.000000, 0.000000, 1.000000),
 ["UpperTorso"] = CFrame.new(0.000000, 0.000000, 0.000000, 1.000000, 0.000000, 0.000000, 0.000000, 0.986865, 0.161549, 0.000000, -0.161549, 0.986865),
 }},
 },
}
