return {
 ["anim_100980641961798"] = {
 {Time = 0.000, Data = {
 ["Head"] = CFrame.new(-0.000001, 0.000000, 0.000000, 1.000000, 0.000000, 0.000000, 0.000000, 0.543736, -0.839257, 0.000000, 0.839257, 0.543735),
 ["HumanoidRootPart"] = CFrame.new(0.000000, 0.000000, 0.000000, 1.000000, 0.000000, 0.000000, 0.000000, 1.000000, 0.000000, 0.000000, 0.000000, 1.000000),
 ["LeftLowerArm"] = CFrame.new(-0.000001, 0.000000, 0.000000, 1.000000, 0.000000, 0.000000, 0.000000, 0.999934, -0.011518, 0.000000, 0.011518, 0.999934),
 ["LeftLowerLeg"] = CFrame.new(0.000001, -0.000001, 0.000000, 1.000000, 0.000000, 0.000000, 0.000000, 0.707107, 0.707107, 0.000000, -0.707107, 0.707107),
 ["LeftUpperArm"] = CFrame.new(-0.000001, 0.000000, 0.000000, 0.995832, 0.091205, 0.000000, 0.091034, -0.993967, -0.061182, -0.005580, 0.060927, -0.998127),
 ["LeftUpperLeg"] = CFrame.new(0.000000, 0.000000, 0.000000, 0.857586, 0.514340, 0.000000, -0.514340, 0.857586, 0.000000, 0.000000, 0.000000, 1.000000),
 ["LowerTorso"] = CFrame.new(-0.031404, 1.335992, 0.000000, -0.999725, 0.023472, 0.000000, -0.023472, -0.999725, 0.000000, 0.000000, 0.000000, 1.000000),
 ["RightLowerArm"] = CFrame.new(-0.000002, 0.000000, 0.000000, 1.000000, 0.000000, 0.000000, 0.000000, 0.998760, -0.049789, 0.000000, 0.049789, 0.998760),
 ["RightLowerLeg"] = CFrame.new(-0.000001, 0.000000, 0.000000, 1.000000, 0.000000, 0.000000, 0.000000, 0.883782, 0.467899, 0.000000, -0.467899, 0.883782),
 ["RightUpperArm"] = CFrame.new(0.000001, 0.000000, 0.000000, 0.993597, -0.112981, 0.000000, -0.112848, -0.992427, -0.048529, 0.005483, 0.048218, -0.998822),
 ["RightUpperLeg"] = CFrame.new(0.000002, 0.000000, 0.000000, 0.956713, -0.291033, 0.000000, 0.267447, 0.879179, -0.394356, 0.114771, 0.377285, 0.918958),
 ["UpperTorso"] = CFrame.new(0.000000, 0.000000, 0.000000, 1.000000, 0.000000, 0.000000, 0.000000, 1.000000, 0.000000, 0.000000, 0.000000, 1.000000),
 }},
 {Time = 2.000, Data = {
 ["Head"] = CFrame.new(-0.000002, 0.000000, 0.000000, 1.000000, 0.000000, 0.000000, 0.000000, 0.937321, -0.348467, 0.000000, 0.348468, 0.937321),
 ["HumanoidRootPart"] = CFrame.new(0.000000, 0.000000, 0.000000, 1.000000, 0.000000, 0.000000, 0.000000, 1.000000, 0.000000, 0.000000, 0.000000, 1.000000),
 ["LeftLowerArm"] = CFrame.new(0.000003, 0.000000, 0.000000, 1.000000, 0.000000, 0.000000, 0.000000, 0.570363, 0.821393, 0.000000, -0.821393, 0.570363),
 ["LeftLowerLeg"] = CFrame.new(0.000001, -0.000001, 0.000000, 1.000000, 0.000000, 0.000000, 0.000000, 0.707107, 0.707107, 0.000000, -0.707107, 0.707107),
 ["LeftUpperArm"] = CFrame.new(0.025390, -0.281698, -0.034380, 0.995896, 0.062348, -0.065611, 0.090355, -0.727199, 0.680454, -0.005287, -0.683589, -0.729848),
 ["LeftUpperLeg"] = CFrame.new(0.000002, 0.000000, 0.000000, 0.857614, 0.395344, -0.328939, -0.514293, 0.659259, -0.548525, 0.000000, 0.639595, 0.768713),
 ["LowerTorso"] = CFrame.new(-0.019995, 0.848686, 0.000000, -0.999725, 0.023472, 0.000000, -0.023472, -0.999725, 0.000000, 0.000000, 0.000000, 1.000000),
 ["RightLowerArm"] = CFrame.new(-0.000001, 0.000000, 0.000000, 1.000000, 0.000000, 0.000000, 0.000000, 0.715625, 0.698485, 0.000000, -0.698485, 0.715625),
 ["RightLowerLeg"] = CFrame.new(-0.000001, 0.000000, 0.000000, 1.000000, 0.000000, 0.000000, 0.000000, 0.883782, 0.467899, 0.000000, -0.467899, 0.883782),
 ["RightUpperArm"] = CFrame.new(-0.030707, -0.274399, -0.081022, 0.993617, -0.091893, 0.065436, -0.112684, -0.835965, 0.537090, 0.005347, -0.541035, -0.840983),
 ["RightUpperLeg"] = CFrame.new(0.000002, 0.000001, -0.000001, 0.956734, -0.149782, -0.249449, 0.267383, 0.790681, 0.550753, 0.114742, -0.593623, 0.796521),
 ["UpperTorso"] = CFrame.new(0.000000, 0.000000, 0.000000, 1.000000, 0.000000, 0.000000, 0.000000, 1.000000, 0.000000, 0.000000, 0.000000, 1.000000),
 }},
 {Time = 4.000, Data = {
 ["Head"] = CFrame.new(-0.000001, 0.000000, 0.000000, 1.000000, 0.000000, 0.000000, 0.000000, 0.543736, -0.839257, 0.000000, 0.839257, 0.543735),
 ["HumanoidRootPart"] = CFrame.new(0.000000, 0.000000, 0.000000, 1.000000, 0.000000, 0.000000, 0.000000, 1.000000, 0.000000, 0.000000, 0.000000, 1.000000),
 ["LeftLowerArm"] = CFrame.new(-0.000001, 0.000000, 0.000000, 1.000000, 0.000000, 0.000000, 0.000000, 0.999934, -0.011518, 0.000000, 0.011518, 0.999934),
 ["LeftLowerLeg"] = CFrame.new(0.000001, -0.000001, 0.000000, 1.000000, 0.000000, 0.000000, 0.000000, 0.707107, 0.707107, 0.000000, -0.707107, 0.707107),
 ["LeftUpperArm"] = CFrame.new(-0.000001, 0.000000, 0.000000, 0.995832, 0.091205, 0.000000, 0.091034, -0.993967, -0.061182, -0.005580, 0.060927, -0.998127),
 ["LeftUpperLeg"] = CFrame.new(0.000000, 0.000000, 0.000000, 0.857586, 0.514340, 0.000000, -0.514340, 0.857586, 0.000000, 0.000000, 0.000000, 1.000000),
 ["LowerTorso"] = CFrame.new(-0.031404, 1.335992, 0.000000, -0.999725, 0.023472, 0.000000, -0.023472, -0.999725, 0.000000, 0.000000, 0.000000, 1.000000),
 ["RightLowerArm"] = CFrame.new(-0.000002, 0.000000, 0.000000, 1.000000, 0.000000, 0.000000, 0.000000, 0.998760, -0.049789, 0.000000, 0.049789, 0.998760),
 ["RightLowerLeg"] = CFrame.new(-0.000001, 0.000000, 0.000000, 1.000000, 0.000000, 0.000000, 0.000000, 0.883782, 0.467899, 0.000000, -0.467899, 0.883782),
 ["RightUpperArm"] = CFrame.new(0.000001, 0.000000, 0.000000, 0.993597, -0.112981, 0.000000, -0.112848, -0.992427, -0.048529, 0.005483, 0.048218, -0.998822),
 ["RightUpperLeg"] = CFrame.new(0.000002, 0.000000, 0.000000, 0.956713, -0.291033, 0.000000, 0.267447, 0.879179, -0.394356, 0.114771, 0.377285, 0.918958),
 ["UpperTorso"] = CFrame.new(0.000000, 0.000000, 0.000000, 1.000000, 0.000000, 0.000000, 0.000000, 1.000000, 0.000000, 0.000000, 0.000000, 1.000000),
 }},
 },
}
