return {
 ["anim_72523372165127"] = {
 {Time = 0.000, Data = {
 ["Head"] = CFrame.new(0.000000, 0.000000, 0.000000, 1.000000, 0.000000, 0.000000, 0.000000, 0.117157, -0.993113, 0.000000, 0.993113, 0.117157),
 ["HumanoidRootPart"] = CFrame.new(0.000000, 0.000000, 0.000000, 1.000000, 0.000000, 0.000000, 0.000000, 1.000000, 0.000000, 0.000000, 0.000000, 1.000000),
 ["LeftLowerArm"] = CFrame.new(-0.000001, 0.000001, 0.000000, 0.999999, 0.000000, 0.000000, 0.000000, 0.092434, -0.995719, 0.000000, 0.995719, 0.092434),
 ["LeftLowerLeg"] = CFrame.new(0.000000, -0.000001, 0.000000, 1.000000, 0.000000, 0.000000, 0.000000, 0.618918, 0.785456, 0.000000, -0.785456, 0.618918),
 ["LeftUpperArm"] = CFrame.new(0.000000, 0.000000, 0.000000, 1.000000, 0.000000, 0.000000, 0.000000, -0.239074, -0.971001, 0.000000, 0.971001, -0.239074),
 ["LeftUpperLeg"] = CFrame.new(0.000001, -0.000001, 0.000000, 0.678983, 0.730365, -0.074496, -0.726008, 0.683057, 0.079655, 0.109062, 0.000000, 0.994035),
 ["LowerTorso"] = CFrame.new(0.000000, -0.599435, 0.172313, 1.000000, 0.000000, 0.000000, 0.000000, -0.276271, 0.961080, 0.000000, -0.961080, -0.276271),
 ["RightLowerArm"] = CFrame.new(-0.000001, 0.000000, 0.000001, 1.000000, 0.000000, 0.000000, 0.000000, 0.099986, -0.994989, 0.000000, 0.994989, 0.099986),
 ["RightLowerLeg"] = CFrame.new(0.000000, 0.000000, 0.000000, 1.000000, 0.000000, 0.000000, 0.000000, 0.332357, 0.943153, 0.000000, -0.943153, 0.332357),
 ["RightUpperArm"] = CFrame.new(0.000000, 0.000000, 0.000000, 1.000000, 0.000000, 0.000000, 0.000000, -0.523494, -0.852029, 0.000000, 0.852029, -0.523494),
 ["RightUpperLeg"] = CFrame.new(0.000002, 0.000000, 0.000000, 0.652779, -0.739949, 0.162342, 0.718076, 0.672663, 0.178581, -0.241342, 0.000000, 0.970440),
 ["UpperTorso"] = CFrame.new(0.000000, 0.000000, 0.000000, 1.000000, 0.000000, 0.000000, 0.000000, 1.000000, 0.000000, 0.000000, 0.000000, 1.000000),
 }},
 {Time = 2.333, Data = {
 ["HumanoidRootPart"] = CFrame.new(0.000000, 0.000000, 0.000000, 1.000000, 0.000000, 0.000000, 0.000000, 1.000000, 0.000000, 0.000000, 0.000000, 1.000000),
 ["LeftLowerArm"] = CFrame.new(-0.000001, 0.000001, 0.000000, 1.000000, 0.000000, 0.000000, 0.000000, 0.592224, -0.805774, 0.000000, 0.805774, 0.592224),
 ["LeftUpperArm"] = CFrame.new(0.000000, 0.000000, -0.000001, 1.000000, 0.000000, 0.000000, 0.000000, -0.673421, -0.739260, 0.000000, 0.739260, -0.673421),
 ["LowerTorso"] = CFrame.new(0.000000, -0.390583, 0.898939, 1.000000, 0.000000, 0.000000, 0.000000, -0.276190, 0.961103, 0.000000, -0.961103, -0.276190),
 ["RightLowerArm"] = CFrame.new(-0.000002, 0.000000, 0.000001, 1.000000, 0.000000, 0.000000, 0.000000, 0.673220, -0.739443, 0.000000, 0.739443, 0.673220),
 ["RightUpperArm"] = CFrame.new(0.000000, 0.000000, 0.000000, 1.000000, 0.000000, 0.000000, 0.000000, -0.789226, -0.614103, 0.000000, 0.614103, -0.789226),
 ["UpperTorso"] = CFrame.new(0.000000, 0.000000, 0.000000, 1.000000, 0.000000, 0.000000, 0.000000, 1.000000, 0.000000, 0.000000, 0.000000, 1.000000),
 }},
 {Time = 4.667, Data = {
 ["Head"] = CFrame.new(0.000000, 0.000000, 0.000000, 1.000000, 0.000000, 0.000000, 0.000000, 0.117157, -0.993113, 0.000000, 0.993113, 0.117157),
 ["HumanoidRootPart"] = CFrame.new(0.000000, 0.000000, 0.000000, 1.000000, 0.000000, 0.000000, 0.000000, 1.000000, 0.000000, 0.000000, 0.000000, 1.000000),
 ["LeftLowerArm"] = CFrame.new(-0.000001, 0.000001, 0.000000, 0.999999, 0.000000, 0.000000, 0.000000, 0.092434, -0.995719, 0.000000, 0.995719, 0.092434),
 ["LeftLowerLeg"] = CFrame.new(0.000000, -0.000001, 0.000000, 1.000000, 0.000000, 0.000000, 0.000000, 0.618918, 0.785456, 0.000000, -0.785456, 0.618918),
 ["LeftUpperArm"] = CFrame.new(0.000000, 0.000000, 0.000000, 1.000000, 0.000000, 0.000000, 0.000000, -0.239074, -0.971001, 0.000000, 0.971001, -0.239074),
 ["LeftUpperLeg"] = CFrame.new(0.000001, -0.000001, 0.000000, 0.678983, 0.730365, -0.074496, -0.726008, 0.683057, 0.079655, 0.109062, 0.000000, 0.994035),
 ["LowerTorso"] = CFrame.new(0.000000, -0.599435, 0.172313, 1.000000, 0.000000, 0.000000, 0.000000, -0.276271, 0.961080, 0.000000, -0.961080, -0.276271),
 ["RightLowerArm"] = CFrame.new(-0.000001, 0.000000, 0.000001, 1.000000, 0.000000, 0.000000, 0.000000, 0.099986, -0.994989, 0.000000, 0.994989, 0.099986),
 ["RightLowerLeg"] = CFrame.new(0.000000, 0.000000, 0.000000, 1.000000, 0.000000, 0.000000, 0.000000, 0.332357, 0.943153, 0.000000, -0.943153, 0.332357),
 ["RightUpperArm"] = CFrame.new(0.000000, 0.000000, 0.000000, 1.000000, 0.000000, 0.000000, 0.000000, -0.523494, -0.852029, 0.000000, 0.852029, -0.523494),
 ["RightUpperLeg"] = CFrame.new(0.000002, 0.000000, 0.000000, 0.652779, -0.739949, 0.162342, 0.718076, 0.672663, 0.178581, -0.241342, 0.000000, 0.970440),
 ["UpperTorso"] = CFrame.new(0.000000, 0.000000, 0.000000, 1.000000, 0.000000, 0.000000, 0.000000, 1.000000, 0.000000, 0.000000, 0.000000, 1.000000),
 }},
 },
}
