return {
 ["sit"] = {
 {Time = 0.000, Data = {
 ["Head"] = CFrame.new(0.000000, 0.000000, 0.000000, 1.000000, 0.000000, 0.000000, 0.000000, 1.000000, 0.000000, 0.000000, 0.000000, 1.000000),
 ["HumanoidRootPart"] = CFrame.new(0.000000, 0.000000, 0.000000, 1.000000, 0.000000, 0.000000, 0.000000, 1.000000, 0.000000, 0.000000, 0.000000, 1.000000),
 ["LeftLowerArm"] = CFrame.new(-0.000001, 0.000000, 0.000000, 0.756316, -0.654206, 0.000000, 0.254704, 0.294459, -0.921097, 0.602587, 0.696641, 0.389333),
 ["LeftLowerLeg"] = CFrame.new(-0.000001, 0.000000, -0.000001, 0.999999, 0.000000, 0.000000, 0.000000, -0.276912, 0.960895, 0.000000, -0.960894, -0.276913),
 ["LeftUpperArm"] = CFrame.new(0.000000, -0.202948, -0.156062, 0.984508, -0.065964, -0.162461, 0.050012, 0.993689, -0.100400, 0.168058, 0.090720, 0.981594),
 ["LeftUpperLeg"] = CFrame.new(0.000002, 0.000000, 0.000000, -0.018675, 0.000000, 0.999826, 0.998707, -0.047298, 0.018654, 0.047289, 0.998881, 0.000883),
 ["LowerTorso"] = CFrame.new(0.000000, 0.000000, 0.000000, 1.000000, 0.000000, 0.000000, 0.000000, 1.000000, 0.000000, 0.000000, 0.000000, 1.000000),
 ["RightLowerArm"] = CFrame.new(0.000001, 0.000000, 0.000000, 1.000000, 0.000000, 0.000000, 0.000000, 0.414927, -0.909855, 0.000000, 0.909855, 0.414927),
 ["RightLowerLeg"] = CFrame.new(0.000000, 0.000000, 0.000000, 1.000000, 0.000000, 0.000000, 0.000000, 0.239683, 0.970851, 0.000000, -0.970851, 0.239683),
 ["RightUpperArm"] = CFrame.new(0.000000, -0.148671, 0.000000, 0.854862, 0.000000, 0.518856, 0.000000, 1.000000, 0.000000, -0.518856, 0.000000, 0.854862),
 ["RightUpperLeg"] = CFrame.new(0.000000, 0.000000, 0.000000, 1.000000, 0.000000, 0.000000, 0.000000, 0.230400, -0.973096, 0.000000, 0.973096, 0.230400),
 ["UpperTorso"] = CFrame.new(0.000000, 0.000000, 0.000000, 1.000000, 0.000000, 0.000000, 0.000000, 1.000000, 0.000000, 0.000000, 0.000000, 1.000000),
 }},
 {Time = 2.000, Data = {
 ["Head"] = CFrame.new(0.000000, 0.000000, 0.000000, 0.988178, 0.000000, 0.153311, 0.000000, 1.000000, 0.000000, -0.153311, 0.000000, 0.988178),
 ["HumanoidRootPart"] = CFrame.new(0.000000, 0.000000, 0.000000, 1.000000, 0.000000, 0.000000, 0.000000, 1.000000, 0.000000, 0.000000, 0.000000, 1.000000),
 ["LeftLowerArm"] = CFrame.new(-0.000001, 0.000000, 0.000000, 0.756344, -0.650639, -0.067921, 0.254708, 0.388531, -0.885532, 0.602551, 0.652467, 0.459586),
 ["LeftLowerLeg"] = CFrame.new(-0.000001, 0.000001, -0.000001, 0.983476, -0.181033, 0.000000, -0.050128, -0.272318, 0.960900, -0.173956, -0.945022, -0.276894),
 ["LeftUpperArm"] = CFrame.new(-0.002243, -0.169140, -0.152983, 0.984512, -0.065942, -0.162444, 0.050001, 0.993696, -0.100341, 0.168037, 0.090665, 0.981603),
 ["LeftUpperLeg"] = CFrame.new(0.000002, 0.000000, 0.000000, -0.018675, 0.000000, 0.999826, 0.998707, -0.047298, 0.018654, 0.047289, 0.998881, 0.000883),
 ["LowerTorso"] = CFrame.new(0.000000, 0.000000, 0.000000, 1.000000, 0.000000, 0.000000, 0.000000, 1.000000, 0.000000, 0.000000, 0.000000, 1.000000),
 ["RightLowerArm"] = CFrame.new(-0.000001, 0.000000, -0.000002, 1.000000, 0.000000, 0.000000, 0.000000, 0.259413, -0.965766, 0.000000, 0.965766, 0.259413),
 ["RightLowerLeg"] = CFrame.new(0.000000, 0.000000, 0.000000, 1.000000, 0.000000, 0.000000, 0.000000, 0.531256, 0.847211, 0.000000, -0.847211, 0.531256),
 ["RightUpperArm"] = CFrame.new(0.000000, -0.128146, 0.000000, 0.854883, 0.000000, 0.518820, 0.000000, 1.000000, 0.000000, -0.518820, 0.000000, 0.854883),
 ["RightUpperLeg"] = CFrame.new(0.000000, 0.000000, 0.000000, 1.000000, 0.000000, 0.000000, 0.000000, 0.230400, -0.973096, 0.000000, 0.973096, 0.230400),
 ["UpperTorso"] = CFrame.new(0.000000, 0.000000, 0.000000, 1.000000, 0.000000, 0.000000, 0.000000, 1.000000, 0.000000, 0.000000, 0.000000, 1.000000),
 }},
 {Time = 4.000, Data = {
 ["HumanoidRootPart"] = CFrame.new(0.000000, 0.000000, 0.000000, 1.000000, 0.000000, 0.000000, 0.000000, 1.000000, 0.000000, 0.000000, 0.000000, 1.000000),
 ["LeftLowerArm"] = CFrame.new(-0.000001, 0.000000, 0.000000, 0.756316, -0.654206, 0.000000, 0.254704, 0.294459, -0.921097, 0.602587, 0.696641, 0.389333),
 ["LeftLowerLeg"] = CFrame.new(-0.000001, 0.000000, -0.000001, 0.999999, 0.000000, 0.000000, 0.000000, -0.276912, 0.960895, 0.000000, -0.960894, -0.276913),
 ["LeftUpperArm"] = CFrame.new(0.000000, -0.202948, -0.156062, 0.984508, -0.065964, -0.162461, 0.050012, 0.993689, -0.100400, 0.168058, 0.090720, 0.981594),
 ["LeftUpperLeg"] = CFrame.new(0.000002, 0.000000, 0.000000, -0.018675, 0.000000, 0.999826, 0.998707, -0.047298, 0.018654, 0.047289, 0.998881, 0.000883),
 ["LowerTorso"] = CFrame.new(0.000000, 0.000000, 0.000000, 1.000000, 0.000000, 0.000000, 0.000000, 1.000000, 0.000000, 0.000000, 0.000000, 1.000000),
 ["RightLowerArm"] = CFrame.new(0.000001, 0.000000, 0.000000, 1.000000, 0.000000, 0.000000, 0.000000, 0.414927, -0.909855, 0.000000, 0.909855, 0.414927),
 ["RightLowerLeg"] = CFrame.new(0.000000, 0.000000, 0.000000, 1.000000, 0.000000, 0.000000, 0.000000, 0.239683, 0.970851, 0.000000, -0.970851, 0.239683),
 ["RightUpperArm"] = CFrame.new(0.000000, -0.148671, 0.000000, 0.854862, 0.000000, 0.518856, 0.000000, 1.000000, 0.000000, -0.518856, 0.000000, 0.854862),
 ["RightUpperLeg"] = CFrame.new(0.000000, 0.000000, 0.000000, 1.000000, 0.000000, 0.000000, 0.000000, 0.230400, -0.973096, 0.000000, 0.973096, 0.230400),
 ["UpperTorso"] = CFrame.new(0.000000, 0.000000, 0.000000, 1.000000, 0.000000, 0.000000, 0.000000, 1.000000, 0.000000, 0.000000, 0.000000, 1.000000),
 }},
 },
}
