return {
	["anim_105204102167548"] = {
		-- Keyframe 1 (Start - standing, ready to dive forward)
		{Time = 0.000, Data = {
			["Head"] = CFrame.new(0.000000, 0.000000, 0.000000, 1.000000, 0.000000, 0.000000, 0.000000, 1.000000, 0.000000, 0.000000, 0.000000, 1.000000),
			["HumanoidRootPart"] = CFrame.new(0.000000, 0.000000, 0.000000, 1.000000, 0.000000, 0.000000, 0.000000, 1.000000, 0.000000, 0.000000, 0.000000, 1.000000),
			["LeftLowerArm"] = CFrame.new(0.000000, 0.000000, 0.000000, 1.000000, 0.000000, 0.000000, 0.000000, 0.589162, -0.808015, 0.000000, 0.808015, 0.589162),
			["LeftLowerLeg"] = CFrame.new(0.000000, 0.000000, -0.000026, 1.000000, 0.000000, 0.000000, 0.000000, 0.161537, 0.986867, 0.000000, -0.986867, 0.161537),
			["LeftUpperArm"] = CFrame.new(0.000000, -0.000001, -0.000055, 1.000000, 0.000000, 0.000000, 0.000000, 0.017626, -0.999845, 0.000000, 0.999845, 0.017626),
			["LeftUpperLeg"] = CFrame.new(0.000000, 0.000000, 0.000000, 1.000000, 0.000000, 0.000000, 0.000000, 0.827526, 0.561428, 0.000000, -0.561428, 0.827526),
			["LowerTorso"] = CFrame.new(-0.000089, 0.727278, 0.457249, 1.000000, 0.000000, 0.000000, 0.000000, 0.953981, 0.299866, 0.000000, -0.299866, 0.953981),
			["RightLowerArm"] = CFrame.new(0.000000, 0.000000, 0.000000, 1.000000, 0.000000, 0.000000, 0.000000, 0.642246, -0.766499, 0.000000, 0.766499, 0.642246),
			["RightLowerLeg"] = CFrame.new(0.000000, 0.000000, 0.000000, 1.000000, 0.000000, 0.000000, 0.000000, 0.606034, 0.795439, 0.000000, -0.795439, 0.606034),
			["RightUpperArm"] = CFrame.new(0.000000, 0.000000, -0.000001, 1.000000, 0.000000, 0.000000, 0.000000, -0.046849, -0.998902, 0.000000, 0.998902, -0.046849),
			["RightUpperLeg"] = CFrame.new(0.000000, 0.000000, 0.000000, 1.000000, 0.000000, 0.000000, 0.000000, 0.505674, 0.862725, 0.000000, -0.862725, 0.505674),
			["UpperTorso"] = CFrame.new(0.000000, 0.000000, 0.000000, 1.000000, 0.000000, 0.000000, 0.000000, 0.093505, 0.995619, 0.000000, -0.995619, 0.093505),
		}},

		-- Keyframe 2 (Diving - body leaning forward into the roll)
		{Time = 0.500, Data = {
			["Head"] = CFrame.new(0.000000, 0.000000, 0.000000, 1.000000, 0.000000, 0.000000, 0.000000, 0.656915, 0.753965, 0.000000, -0.753965, 0.656915),
			["HumanoidRootPart"] = CFrame.new(0.400000, -0.300000, 0.000000, 1.000000, 0.000000, 0.000000, 0.000000, 1.000000, 0.000000, 0.000000, 0.000000, 1.000000),
			["LeftLowerArm"] = CFrame.new(0.000000, 0.000001, 0.000000, 1.000000, 0.000000, 0.000000, 0.000000, 0.557818, -0.829963, 0.000000, 0.829963, 0.557818),
			["LeftLowerLeg"] = CFrame.new(0.000000, 0.000000, -0.000026, 1.000000, 0.000000, 0.000000, 0.000000, 0.161537, 0.986867, 0.000000, -0.986867, 0.161537),
			["LeftUpperArm"] = CFrame.new(0.000000, -0.000001, -0.000055, 1.000000, 0.000000, 0.000000, 0.000000, -0.665777, -0.746150, 0.000000, 0.746150, -0.665777),
			["LeftUpperLeg"] = CFrame.new(0.000000, 0.000000, 0.000000, 1.000000, 0.000000, 0.000000, 0.000000, 0.827526, 0.561428, 0.000000, -0.561428, 0.827526),
			["LowerTorso"] = CFrame.new(-0.000089, 0.233719, -0.050476, 1.000000, 0.000000, 0.000000, 0.000000, 0.717039, 0.697033, 0.000000, -0.697033, 0.717039),
			["RightLowerArm"] = CFrame.new(0.000000, 0.000001, 0.000000, 0.999999, 0.000000, 0.000000, 0.000000, 0.571763, -0.820418, 0.000000, 0.820418, 0.571763),
			["RightLowerLeg"] = CFrame.new(0.000000, 0.000000, 0.000000, 1.000000, 0.000000, 0.000000, 0.000000, 0.606034, 0.795439, 0.000000, -0.795439, 0.606034),
			["RightUpperArm"] = CFrame.new(0.000000, -0.000016, 0.000100, 1.000000, 0.000000, 0.000000, 0.000000, -0.670770, -0.741665, 0.000000, 0.741665, -0.670770),
			["RightUpperLeg"] = CFrame.new(0.000000, 0.000000, 0.000000, 1.000000, 0.000000, 0.000000, 0.000000, -0.175553, 0.984470, 0.000000, -0.984470, -0.175553),
			["UpperTorso"] = CFrame.new(0.000000, 0.000000, 0.000000, 1.000000, 0.000000, 0.000000, 0.000000, 0.716487, 0.697600, 0.000000, -0.697600, 0.716487),
		}},

		-- Keyframe 3 (Roll complete - body fully forward, coming out of roll)
		{Time = 1.000, Data = {
			["Head"] = CFrame.new(0.000000, 0.000000, 0.000000, 1.000000, 0.000000, 0.000000, 0.000000, 0.656915, 0.753965, 0.000000, -0.753965, 0.656915),
			["HumanoidRootPart"] = CFrame.new(0.800000, -0.500000, 0.000000, 1.000000, 0.000000, 0.000000, 0.000000, 1.000000, 0.000000, 0.000000, 0.000000, 1.000000),
			["LeftLowerArm"] = CFrame.new(0.000000, 0.000000, 0.000000, 1.000000, 0.000000, 0.000000, 0.000000, 0.540582, -0.841291, 0.000000, 0.841291, 0.540582),
			["LeftLowerLeg"] = CFrame.new(0.000000, 0.000000, -0.000026, 1.000000, 0.000000, 0.000000, 0.000000, 0.161537, 0.986867, 0.000000, -0.986867, 0.161537),
			["LeftUpperArm"] = CFrame.new(0.000000, -0.311639, 0.082723, 1.000000, 0.000000, 0.000000, 0.000000, -0.965384, -0.260831, 0.000000, 0.260831, -0.965384),
			["LeftUpperLeg"] = CFrame.new(0.000000, 0.000000, 0.000000, 1.000000, 0.000000, 0.000000, 0.000000, -0.525538, 0.850770, 0.000000, -0.850770, -0.525538),
			["LowerTorso"] = CFrame.new(-0.000089, -1.846777, -0.987858, 1.000000, 0.000000, 0.000000, 0.000000, 0.953981, 0.299866, 0.000000, -0.299866, 0.953981),
			["RightLowerArm"] = CFrame.new(0.000000, 0.000001, 0.000000, 1.000000, 0.000000, 0.000000, 0.000000, 0.637770, -0.770227, 0.000000, 0.770227, 0.637770),
			["RightLowerLeg"] = CFrame.new(0.000000, 0.000000, 0.000000, 1.000000, 0.000000, 0.000000, 0.000000, 0.606034, 0.795439, 0.000000, -0.795439, 0.606034),
			["RightUpperArm"] = CFrame.new(0.000000, -0.288392, 0.176206, 1.000000, 0.000000, 0.000000, 0.000000, -0.981528, -0.191317, 0.000000, 0.191317, -0.981528),
			["RightUpperLeg"] = CFrame.new(0.000000, 0.000000, 0.000000, 1.000000, 0.000000, 0.000000, 0.000000, -0.823204, 0.567746, 0.000000, -0.567746, -0.823204),
			["UpperTorso"] = CFrame.new(0.000000, 0.000000, 0.000000, 1.000000, 0.000000, 0.000000, 0.000000, 0.953981, 0.299866, 0.000000, -0.299866, 0.953981),
		}},
	},
}
