return {
 ["anim_139691468586714"] = {
 {Time = 0.000, Data = {
 ["Head"] = CFrame.new(0.000000, 0.000000, 0.000000, 1.000000, 0.000000, 0.000000, 0.000000, 0.282262, -0.959337, 0.000000, 0.959337, 0.282262),
 ["HumanoidRootPart"] = CFrame.new(0.000000, 0.000000, 0.000000, 1.000000, 0.000000, 0.000000, 0.000000, 1.000000, 0.000000, 0.000000, 0.000000, 1.000000),
 ["LeftLowerArm"] = CFrame.new(0.000000, 0.000000, 0.000000, 1.000000, 0.000000, 0.000000, 0.000000, 0.071371, -0.997450, 0.000000, 0.997450, 0.071371),
 ["LeftLowerLeg"] = CFrame.new(0.000001, -0.000001, -0.000001, 1.000000, 0.000000, 0.000000, 0.000000, 0.217754, 0.976004, 0.000000, -0.976004, 0.217754),
 ["LeftUpperArm"] = CFrame.new(0.000000, 0.000000, 0.000000, 1.000000, 0.000000, 0.000000, 0.000000, 0.865285, -0.501280, 0.000000, 0.501280, 0.865285),
 ["LeftUpperLeg"] = CFrame.new(0.000000, 0.000000, 0.000000, 0.765395, 0.643560, 0.000000, -0.643560, 0.765396, 0.000000, 0.000000, 0.000000, 1.000000),
 ["LowerTorso"] = CFrame.new(0.000000, 0.000000, 0.000000, 1.000000, 0.000000, 0.000000, 0.000000, -0.469620, 0.882869, 0.000000, -0.882869, -0.469620),
 ["RightLowerArm"] = CFrame.new(-0.000001, 0.000000, 0.000000, 1.000000, 0.000000, 0.000000, 0.000000, 0.051623, -0.998667, 0.000000, 0.998667, 0.051623),
 ["RightLowerLeg"] = CFrame.new(0.000000, 0.000000, 0.000000, 1.000000, 0.000000, 0.000000, 0.000000, 0.673303, 0.739366, 0.000000, -0.739366, 0.673303),
 ["RightUpperArm"] = CFrame.new(0.000000, 0.000000, 0.000000, 1.000000, 0.000000, 0.000000, 0.000000, 0.457225, -0.889351, 0.000000, 0.889351, 0.457225),
 ["RightUpperLeg"] = CFrame.new(0.000000, 0.000000, 0.000000, 1.000000, 0.000000, 0.000000, 0.000000, 0.906633, -0.421921, 0.000000, 0.421921, 0.906633),
 ["UpperTorso"] = CFrame.new(0.000000, 0.000000, 0.000000, 1.000000, 0.000000, 0.000000, 0.000000, 1.000000, 0.000000, 0.000000, 0.000000, 1.000000),
 }},
 {Time = 2.333, Data = {
 ["Head"] = CFrame.new(0.000000, 0.000000, 0.000000, 1.000000, 0.000000, 0.000000, 0.000000, -0.106136, -0.994352, 0.000000, 0.994352, -0.106136),
 ["HumanoidRootPart"] = CFrame.new(0.000000, 0.000000, 0.000000, 1.000000, 0.000000, 0.000000, 0.000000, 1.000000, 0.000000, 0.000000, 0.000000, 1.000000),
 ["LeftLowerArm"] = CFrame.new(0.000000, 0.000000, 0.000000, 1.000000, 0.000000, 0.000000, 0.000000, 0.071371, -0.997450, 0.000000, 0.997450, 0.071371),
 ["LeftLowerLeg"] = CFrame.new(0.000001, -0.000001, -0.000001, 0.999999, 0.000000, 0.000000, 0.000000, 0.824243, 0.566236, 0.000000, -0.566236, 0.824243),
 ["LeftUpperArm"] = CFrame.new(0.000000, 0.000000, 0.000000, 1.000000, 0.000000, 0.000000, 0.000000, 0.970040, -0.242947, 0.000000, 0.242947, 0.970040),
 ["LeftUpperLeg"] = CFrame.new(0.000000, 0.000000, -0.000001, 0.765389, 0.316723, -0.560238, -0.643568, 0.376675, -0.666285, 0.000000, 0.870519, 0.492135),
 ["LowerTorso"] = CFrame.new(0.000000, -0.479938, 0.255237, 1.000000, 0.000000, 0.000000, 0.000000, -0.469543, 0.882910, 0.000000, -0.882910, -0.469543),
 ["RightLowerArm"] = CFrame.new(-0.000001, 0.000000, 0.000000, 1.000000, 0.000000, 0.000000, 0.000000, 0.051623, -0.998667, 0.000000, 0.998667, 0.051623),
 ["RightLowerLeg"] = CFrame.new(0.000000, 0.000000, 0.000000, 1.000000, 0.000000, 0.000000, 0.000000, 0.673303, 0.739366, 0.000000, -0.739366, 0.673303),
 ["RightUpperArm"] = CFrame.new(0.000000, 0.000628, 0.304485, 1.000000, 0.000000, 0.000000, 0.000000, 0.812915, -0.582383, 0.000000, 0.582383, 0.812915),
 ["RightUpperLeg"] = CFrame.new(0.000000, 0.000000, 0.000000, 1.000000, 0.000000, 0.000000, 0.000000, 0.652865, 0.757475, 0.000000, -0.757475, 0.652865),
 ["UpperTorso"] = CFrame.new(0.000000, -0.000010, -0.076797, 1.000000, 0.000000, 0.000000, 0.000000, 1.000000, 0.000000, 0.000000, 0.000000, 1.000000),
 }},
 {Time = 4.667, Data = {
 ["Head"] = CFrame.new(0.000000, 0.000000, 0.000000, 1.000000, 0.000000, 0.000000, 0.000000, 0.282262, -0.959337, 0.000000, 0.959337, 0.282262),
 ["HumanoidRootPart"] = CFrame.new(0.000000, 0.000000, 0.000000, 1.000000, 0.000000, 0.000000, 0.000000, 1.000000, 0.000000, 0.000000, 0.000000, 1.000000),
 ["LeftLowerArm"] = CFrame.new(0.000000, 0.000000, 0.000000, 1.000000, 0.000000, 0.000000, 0.000000, 0.071371, -0.997450, 0.000000, 0.997450, 0.071371),
 ["LeftLowerLeg"] = CFrame.new(0.000001, -0.000001, -0.000001, 1.000000, 0.000000, 0.000000, 0.000000, 0.217754, 0.976004, 0.000000, -0.976004, 0.217754),
 ["LeftUpperArm"] = CFrame.new(0.000000, 0.000000, 0.000000, 1.000000, 0.000000, 0.000000, 0.000000, 0.865285, -0.501280, 0.000000, 0.501280, 0.865285),
 ["LeftUpperLeg"] = CFrame.new(0.000000, 0.000000, 0.000000, 0.765395, 0.643560, 0.000000, -0.643560, 0.765396, 0.000000, 0.000000, 0.000000, 1.000000),
 ["LowerTorso"] = CFrame.new(0.000000, 0.000000, 0.000000, 1.000000, 0.000000, 0.000000, 0.000000, -0.469620, 0.882869, 0.000000, -0.882869, -0.469620),
 ["RightLowerArm"] = CFrame.new(-0.000001, 0.000000, 0.000000, 1.000000, 0.000000, 0.000000, 0.000000, 0.051623, -0.998667, 0.000000, 0.998667, 0.051623),
 ["RightLowerLeg"] = CFrame.new(0.000000, 0.000000, 0.000000, 1.000000, 0.000000, 0.000000, 0.000000, 0.673303, 0.739366, 0.000000, -0.739366, 0.673303),
 ["RightUpperArm"] = CFrame.new(0.000000, 0.000000, 0.000000, 1.000000, 0.000000, 0.000000, 0.000000, 0.457225, -0.889351, 0.000000, 0.889351, 0.457225),
 ["RightUpperLeg"] = CFrame.new(0.000000, 0.000000, 0.000000, 1.000000, 0.000000, 0.000000, 0.000000, 0.906633, -0.421921, 0.000000, 0.421921, 0.906633),
 ["UpperTorso"] = CFrame.new(0.000000, 0.000000, 0.000000, 1.000000, 0.000000, 0.000000, 0.000000, 1.000000, 0.000000, 0.000000, 0.000000, 1.000000),
 }},
 },
}
