return {
 ["anim_76439323005131"] = {
 {Time = 0.000, Data = {
 ["Head"] = CFrame.new(-1.149976, -2.892474, 0.000000, 1.000000, 0.000000, 0.000000, 0.000000, 1.000000, 0.000000, 0.000000, 0.000000, 1.000000),
 ["HumanoidRootPart"] = CFrame.new(0.000000, 0.000000, 0.000000, 1.000000, 0.000000, 0.000000, 0.000000, 1.000000, 0.000000, 0.000000, 0.000000, 1.000000),
 ["LeftLowerArm"] = CFrame.new(0.000000, 0.000000, 0.000001, 0.995530, -0.094449, 0.000000, 0.094449, 0.995530, 0.000000, 0.000000, 0.000000, 1.000000),
 ["LeftUpperArm"] = CFrame.new(0.000000, 0.000000, 0.000000, 0.944570, 0.328309, 0.000000, -0.328309, 0.944570, 0.000000, 0.000000, 0.000000, 1.000000),
 ["LeftUpperLeg"] = CFrame.new(0.000000, 0.000000, 0.000001, 0.964430, 0.264339, 0.000000, -0.254052, 0.926898, -0.276256, -0.073025, 0.266429, 0.961084),
 ["LowerTorso"] = CFrame.new(0.000000, 0.000000, 0.000000, 1.000000, 0.000000, 0.000000, 0.000000, 1.000000, 0.000000, 0.000000, 0.000000, 1.000000),
 ["RightLowerArm"] = CFrame.new(0.000000, 0.000000, 0.000000, 0.512345, 0.858780, 0.000000, -0.858779, 0.512345, -0.000777, -0.000667, 0.000398, 1.000000),
 ["RightUpperArm"] = CFrame.new(0.000000, 0.000000, 0.000000, 0.922089, 0.094580, -0.375241, 0.214742, -0.931733, 0.292846, -0.321927, -0.350610, -0.879452),
 ["RightUpperLeg"] = CFrame.new(0.000000, 0.000000, 0.000000, 0.978259, -0.207385, 0.000000, 0.201627, 0.951097, -0.234009, 0.048530, 0.228921, 0.972235),
 ["UpperTorso"] = CFrame.new(0.000000, -0.426352, 0.819537, 1.000000, 0.000000, 0.000000, 0.000000, 0.970395, -0.241525, 0.000000, 0.241525, 0.970395),
 }},
 {Time = 2.333, Data = {
 ["Head"] = CFrame.new(-1.149976, -2.892474, 0.000000, 1.000000, 0.000000, 0.000000, 0.000000, 1.000000, 0.000000, 0.000000, 0.000000, 1.000000),
 ["HumanoidRootPart"] = CFrame.new(0.000000, 0.000000, 0.000000, 1.000000, 0.000000, 0.000000, 0.000000, 1.000000, 0.000000, 0.000000, 0.000000, 1.000000),
 ["LeftLowerArm"] = CFrame.new(0.000000, 0.000000, 0.000001, 0.995530, -0.094449, 0.000000, 0.094449, 0.995530, 0.000000, 0.000000, 0.000000, 1.000000),
 ["LeftUpperArm"] = CFrame.new(-0.040283, -0.115905, 0.000000, 0.944577, 0.328289, 0.000000, -0.328289, 0.944577, 0.000000, 0.000000, 0.000000, 1.000000),
 ["LeftUpperLeg"] = CFrame.new(-0.053998, -0.189389, -0.054435, 0.964446, 0.264280, 0.000008, -0.253994, 0.926917, -0.276247, -0.073014, 0.266424, 0.961087),
 ["LowerTorso"] = CFrame.new(0.000000, 0.000000, 0.000000, 1.000000, 0.000000, 0.000000, 0.000000, 1.000000, 0.000000, 0.000000, 0.000000, 1.000000),
 ["RightLowerArm"] = CFrame.new(0.000000, 0.000000, 0.000000, 0.512345, 0.858780, 0.000000, -0.858779, 0.512345, -0.000777, -0.000667, 0.000398, 1.000000),
 ["RightUpperArm"] = CFrame.new(0.026185, -0.257956, -0.097009, 0.922125, 0.094585, -0.375151, 0.214652, -0.931804, 0.292686, -0.321884, -0.350420, -0.879543),
 ["RightUpperLeg"] = CFrame.new(0.021038, -0.096520, -0.023231, 0.978276, -0.207305, 0.000044, 0.201560, 0.951115, -0.233994, 0.048467, 0.228920, 0.972238),
 ["UpperTorso"] = CFrame.new(0.000000, -0.426363, 0.819537, 1.000000, 0.000000, 0.000000, 0.000000, 0.970416, -0.241441, 0.000000, 0.241441, 0.970416),
 }},
 {Time = 4.667, Data = {
 ["Head"] = CFrame.new(-1.149976, -2.892474, 0.000000, 1.000000, 0.000000, 0.000000, 0.000000, 1.000000, 0.000000, 0.000000, 0.000000, 1.000000),
 ["HumanoidRootPart"] = CFrame.new(0.000000, 0.000000, 0.000000, 1.000000, 0.000000, 0.000000, 0.000000, 1.000000, 0.000000, 0.000000, 0.000000, 1.000000),
 ["LeftLowerArm"] = CFrame.new(0.000000, 0.000000, 0.000001, 0.995530, -0.094449, 0.000000, 0.094449, 0.995530, 0.000000, 0.000000, 0.000000, 1.000000),
 ["LeftUpperArm"] = CFrame.new(0.000000, 0.000000, 0.000000, 0.944570, 0.328309, 0.000000, -0.328309, 0.944570, 0.000000, 0.000000, 0.000000, 1.000000),
 ["LeftUpperLeg"] = CFrame.new(0.000000, 0.000000, 0.000001, 0.964430, 0.264339, 0.000000, -0.254052, 0.926898, -0.276256, -0.073025, 0.266429, 0.961084),
 ["LowerTorso"] = CFrame.new(0.000000, 0.000000, 0.000000, 1.000000, 0.000000, 0.000000, 0.000000, 1.000000, 0.000000, 0.000000, 0.000000, 1.000000),
 ["RightLowerArm"] = CFrame.new(0.000000, 0.000000, 0.000000, 0.512345, 0.858780, 0.000000, -0.858779, 0.512345, -0.000777, -0.000667, 0.000398, 1.000000),
 ["RightUpperArm"] = CFrame.new(0.000000, 0.000000, 0.000000, 0.922089, 0.094580, -0.375241, 0.214742, -0.931733, 0.292846, -0.321927, -0.350610, -0.879452),
 ["RightUpperLeg"] = CFrame.new(0.000000, 0.000000, 0.000000, 0.978259, -0.207385, 0.000000, 0.201627, 0.951097, -0.234009, 0.048530, 0.228921, 0.972235),
 ["UpperTorso"] = CFrame.new(0.000000, -0.426352, 0.819537, 1.000000, 0.000000, 0.000000, 0.000000, 0.970395, -0.241525, 0.000000, 0.241525, 0.970395),
 }},
 },
}
