return {
 ["anim_77692066175179"] = {
 {Time = 0.000, Data = {
 ["Head"] = CFrame.new(-0.613947, -1.224610, 2.473383, 1.000000, 0.000000, 0.000000, 0.000000, 0.311238, 0.950332, 0.000000, -0.950332, 0.311238),
 ["HumanoidRootPart"] = CFrame.new(0.000000, 0.000000, 0.000000, 1.000000, 0.000000, 0.000000, 0.000000, 1.000000, 0.000000, 0.000000, 0.000000, 1.000000),
 ["LeftLowerLeg"] = CFrame.new(0.000000, 0.000000, 0.000000, 1.000000, 0.000000, 0.000000, 0.000000, 0.573266, 0.819369, 0.000000, -0.819369, 0.573266),
 ["LeftUpperArm"] = CFrame.new(0.000000, 0.000001, 0.000000, 1.000000, 0.000000, 0.000000, 0.000000, 0.383827, 0.923405, 0.000000, -0.923405, 0.383827),
 ["LeftUpperLeg"] = CFrame.new(0.000000, 0.000000, 0.000000, 1.000000, 0.000000, 0.000000, 0.000000, -0.122246, -0.992500, 0.000000, 0.992500, -0.122246),
 ["LowerTorso"] = CFrame.new(0.000000, 0.000000, 0.000000, 1.000000, 0.000000, 0.000000, 0.000000, 1.000000, 0.000000, 0.000000, 0.000000, 1.000000),
 ["RightLowerArm"] = CFrame.new(0.000000, 0.000000, 0.000000, 0.630341, 0.776318, 0.000000, -0.776318, 0.630341, 0.000000, 0.000000, 0.000000, 1.000000),
 ["RightLowerLeg"] = CFrame.new(0.000000, 0.000001, 0.000000, 1.000000, 0.000000, 0.000000, 0.000000, 0.532445, 0.846464, 0.000000, -0.846464, 0.532445),
 ["RightUpperArm"] = CFrame.new(0.000000, 0.000000, 0.000000, 1.000000, 0.000000, 0.000000, 0.000000, -0.798982, 0.601355, 0.000000, -0.601355, -0.798982),
 ["RightUpperLeg"] = CFrame.new(0.000000, 0.000000, 0.000000, 1.000000, 0.000000, 0.000000, 0.000000, 0.518483, 0.855088, 0.000000, -0.855088, 0.518483),
 ["UpperTorso"] = CFrame.new(0.129280, -0.369129, 1.253488, 1.000000, 0.000000, 0.000000, 0.000000, 0.959306, -0.282367, 0.000000, 0.282367, 0.959306),
 }},
 {Time = 0.667, Data = {
 ["Head"] = CFrame.new(-0.613947, -1.078157, 2.026117, 1.000000, 0.000000, 0.000000, 0.000000, 0.311184, 0.950350, 0.000000, -0.950350, 0.311184),
 ["HumanoidRootPart"] = CFrame.new(0.000000, 0.000000, 0.000000, 1.000000, 0.000000, 0.000000, 0.000000, 1.000000, 0.000000, 0.000000, 0.000000, 1.000000),
 ["LeftUpperArm"] = CFrame.new(0.000001, 0.112178, -0.269915, 1.000000, 0.000000, 0.000000, 0.000000, 0.383775, 0.923426, 0.000000, -0.923426, 0.383775),
 ["LeftUpperLeg"] = CFrame.new(0.000000, -0.000001, 0.000001, 1.000000, 0.000000, 0.000000, 0.000000, 0.577906, 0.816103, 0.000000, -0.816103, 0.577906),
 ["LowerTorso"] = CFrame.new(0.000000, 0.000000, 0.000000, 1.000000, 0.000000, 0.000000, 0.000000, 1.000000, 0.000000, 0.000000, 0.000000, 1.000000),
 ["RightUpperArm"] = CFrame.new(0.000000, -0.229170, -0.172497, 1.000000, 0.000000, 0.000000, 0.000000, -0.798962, 0.601382, 0.000000, -0.601382, -0.798962),
 ["RightUpperLeg"] = CFrame.new(0.000000, 0.000000, 0.000000, 1.000000, 0.000000, 0.000000, 0.000000, -0.108171, -0.994132, 0.000000, 0.994132, -0.108171),
 ["UpperTorso"] = CFrame.new(0.000000, 0.000000, 0.000000, 1.000000, 0.000000, 0.000000, 0.000000, 1.000000, 0.000000, 0.000000, 0.000000, 1.000000),
 }},
 {Time = 1.333, Data = {
 ["Head"] = CFrame.new(-0.613947, -1.224610, 2.473383, 1.000000, 0.000000, 0.000000, 0.000000, 0.311238, 0.950332, 0.000000, -0.950332, 0.311238),
 ["HumanoidRootPart"] = CFrame.new(0.000000, 0.000000, 0.000000, 1.000000, 0.000000, 0.000000, 0.000000, 1.000000, 0.000000, 0.000000, 0.000000, 1.000000),
 ["LeftLowerLeg"] = CFrame.new(0.000000, 0.000000, 0.000000, 1.000000, 0.000000, 0.000000, 0.000000, 0.573266, 0.819369, 0.000000, -0.819369, 0.573266),
 ["LeftUpperArm"] = CFrame.new(0.000000, 0.000001, 0.000000, 1.000000, 0.000000, 0.000000, 0.000000, 0.383827, 0.923405, 0.000000, -0.923405, 0.383827),
 ["LeftUpperLeg"] = CFrame.new(0.000000, 0.000000, 0.000000, 1.000000, 0.000000, 0.000000, 0.000000, -0.122246, -0.992500, 0.000000, 0.992500, -0.122246),
 ["LowerTorso"] = CFrame.new(0.000000, 0.000000, 0.000000, 1.000000, 0.000000, 0.000000, 0.000000, 1.000000, 0.000000, 0.000000, 0.000000, 1.000000),
 ["RightLowerArm"] = CFrame.new(0.000000, 0.000000, 0.000000, 0.630341, 0.776318, 0.000000, -0.776318, 0.630341, 0.000000, 0.000000, 0.000000, 1.000000),
 ["RightLowerLeg"] = CFrame.new(0.000000, 0.000001, 0.000000, 1.000000, 0.000000, 0.000000, 0.000000, 0.532445, 0.846464, 0.000000, -0.846464, 0.532445),
 ["RightUpperArm"] = CFrame.new(0.000000, 0.000000, 0.000000, 1.000000, 0.000000, 0.000000, 0.000000, -0.798982, 0.601355, 0.000000, -0.601355, -0.798982),
 ["RightUpperLeg"] = CFrame.new(0.000000, 0.000000, 0.000000, 1.000000, 0.000000, 0.000000, 0.000000, 0.518483, 0.855088, 0.000000, -0.855088, 0.518483),
 ["UpperTorso"] = CFrame.new(0.129280, -0.369129, 1.253488, 1.000000, 0.000000, 0.000000, 0.000000, 0.959306, -0.282367, 0.000000, 0.282367, 0.959306),
 }},
 {Time = 2.000, Data = {
 ["Head"] = CFrame.new(-0.613947, -1.078157, 2.026117, 1.000000, 0.000000, 0.000000, 0.000000, 0.311184, 0.950350, 0.000000, -0.950350, 0.311184),
 ["HumanoidRootPart"] = CFrame.new(0.000000, 0.000000, 0.000000, 1.000000, 0.000000, 0.000000, 0.000000, 1.000000, 0.000000, 0.000000, 0.000000, 1.000000),
 ["LeftUpperArm"] = CFrame.new(0.000001, 0.112178, -0.269915, 1.000000, 0.000000, 0.000000, 0.000000, 0.383775, 0.923426, 0.000000, -0.923426, 0.383775),
 ["LeftUpperLeg"] = CFrame.new(0.000000, -0.000001, 0.000001, 1.000000, 0.000000, 0.000000, 0.000000, 0.577906, 0.816103, 0.000000, -0.816103, 0.577906),
 ["LowerTorso"] = CFrame.new(0.000000, 0.000000, 0.000000, 1.000000, 0.000000, 0.000000, 0.000000, 1.000000, 0.000000, 0.000000, 0.000000, 1.000000),
 ["RightUpperArm"] = CFrame.new(0.000000, -0.229170, -0.172497, 1.000000, 0.000000, 0.000000, 0.000000, -0.798962, 0.601382, 0.000000, -0.601382, -0.798962),
 ["RightUpperLeg"] = CFrame.new(0.000000, 0.000000, 0.000000, 1.000000, 0.000000, 0.000000, 0.000000, -0.108171, -0.994132, 0.000000, 0.994132, -0.108171),
 ["UpperTorso"] = CFrame.new(0.000000, 0.000000, 0.000000, 1.000000, 0.000000, 0.000000, 0.000000, 1.000000, 0.000000, 0.000000, 0.000000, 1.000000),
 }},
 {Time = 2.333, Data = {
 ["Head"] = CFrame.new(-0.613947, -1.224610, 2.473383, 1.000000, 0.000000, 0.000000, 0.000000, 0.311238, 0.950332, 0.000000, -0.950332, 0.311238),
 ["HumanoidRootPart"] = CFrame.new(0.000000, 0.000000, 0.000000, 1.000000, 0.000000, 0.000000, 0.000000, 1.000000, 0.000000, 0.000000, 0.000000, 1.000000),
 ["LeftLowerLeg"] = CFrame.new(0.000000, 0.000000, 0.000000, 1.000000, 0.000000, 0.000000, 0.000000, 0.573266, 0.819369, 0.000000, -0.819369, 0.573266),
 ["LeftUpperArm"] = CFrame.new(0.000000, 0.000001, 0.000000, 1.000000, 0.000000, 0.000000, 0.000000, 0.383827, 0.923405, 0.000000, -0.923405, 0.383827),
 ["LeftUpperLeg"] = CFrame.new(0.000000, 0.000000, 0.000000, 1.000000, 0.000000, 0.000000, 0.000000, -0.122246, -0.992500, 0.000000, 0.992500, -0.122246),
 ["LowerTorso"] = CFrame.new(0.000000, 0.000000, 0.000000, 1.000000, 0.000000, 0.000000, 0.000000, 1.000000, 0.000000, 0.000000, 0.000000, 1.000000),
 ["RightLowerArm"] = CFrame.new(0.000000, 0.000000, 0.000000, 0.630341, 0.776318, 0.000000, -0.776318, 0.630341, 0.000000, 0.000000, 0.000000, 1.000000),
 ["RightLowerLeg"] = CFrame.new(0.000000, 0.000001, 0.000000, 1.000000, 0.000000, 0.000000, 0.000000, 0.532445, 0.846464, 0.000000, -0.846464, 0.532445),
 ["RightUpperArm"] = CFrame.new(0.000000, 0.000000, 0.000000, 1.000000, 0.000000, 0.000000, 0.000000, -0.798982, 0.601355, 0.000000, -0.601355, -0.798982),
 ["RightUpperLeg"] = CFrame.new(0.000000, 0.000000, 0.000000, 1.000000, 0.000000, 0.000000, 0.000000, 0.518483, 0.855088, 0.000000, -0.855088, 0.518483),
 ["UpperTorso"] = CFrame.new(0.129280, -0.369129, 1.253488, 1.000000, 0.000000, 0.000000, 0.000000, 0.959306, -0.282367, 0.000000, 0.282367, 0.959306),
 }},
 {Time = 3.000, Data = {
 ["Head"] = CFrame.new(-0.613947, -1.078157, 2.026117, 1.000000, 0.000000, 0.000000, 0.000000, 0.311184, 0.950350, 0.000000, -0.950350, 0.311184),
 ["HumanoidRootPart"] = CFrame.new(0.000000, 0.000000, 0.000000, 1.000000, 0.000000, 0.000000, 0.000000, 1.000000, 0.000000, 0.000000, 0.000000, 1.000000),
 ["LeftUpperArm"] = CFrame.new(0.000001, 0.112178, -0.269915, 1.000000, 0.000000, 0.000000, 0.000000, 0.383775, 0.923426, 0.000000, -0.923426, 0.383775),
 ["LeftUpperLeg"] = CFrame.new(0.000000, -0.000001, 0.000001, 1.000000, 0.000000, 0.000000, 0.000000, 0.577906, 0.816103, 0.000000, -0.816103, 0.577906),
 ["LowerTorso"] = CFrame.new(0.000000, 0.000000, 0.000000, 1.000000, 0.000000, 0.000000, 0.000000, 1.000000, 0.000000, 0.000000, 0.000000, 1.000000),
 ["RightUpperArm"] = CFrame.new(0.000000, -0.229170, -0.172497, 1.000000, 0.000000, 0.000000, 0.000000, -0.798962, 0.601382, 0.000000, -0.601382, -0.798962),
 ["RightUpperLeg"] = CFrame.new(0.000000, 0.000000, 0.000000, 1.000000, 0.000000, 0.000000, 0.000000, -0.108171, -0.994132, 0.000000, 0.994132, -0.108171),
 ["UpperTorso"] = CFrame.new(0.000000, 0.000000, 0.000000, 1.000000, 0.000000, 0.000000, 0.000000, 1.000000, 0.000000, 0.000000, 0.000000, 1.000000),
 }},
 {Time = 3.333, Data = {
 ["Head"] = CFrame.new(-0.613947, -1.224610, 2.473383, 1.000000, 0.000000, 0.000000, 0.000000, 0.311238, 0.950332, 0.000000, -0.950332, 0.311238),
 ["HumanoidRootPart"] = CFrame.new(0.000000, 0.000000, 0.000000, 1.000000, 0.000000, 0.000000, 0.000000, 1.000000, 0.000000, 0.000000, 0.000000, 1.000000),
 ["LeftLowerLeg"] = CFrame.new(0.000000, 0.000000, 0.000000, 1.000000, 0.000000, 0.000000, 0.000000, 0.573266, 0.819369, 0.000000, -0.819369, 0.573266),
 ["LeftUpperArm"] = CFrame.new(0.000000, 0.000001, 0.000000, 1.000000, 0.000000, 0.000000, 0.000000, 0.383827, 0.923405, 0.000000, -0.923405, 0.383827),
 ["LeftUpperLeg"] = CFrame.new(0.000000, 0.000000, 0.000000, 1.000000, 0.000000, 0.000000, 0.000000, -0.122246, -0.992500, 0.000000, 0.992500, -0.122246),
 ["LowerTorso"] = CFrame.new(0.000000, 0.000000, 0.000000, 1.000000, 0.000000, 0.000000, 0.000000, 1.000000, 0.000000, 0.000000, 0.000000, 1.000000),
 ["RightLowerArm"] = CFrame.new(0.000000, 0.000000, 0.000000, 0.630341, 0.776318, 0.000000, -0.776318, 0.630341, 0.000000, 0.000000, 0.000000, 1.000000),
 ["RightLowerLeg"] = CFrame.new(0.000000, 0.000001, 0.000000, 1.000000, 0.000000, 0.000000, 0.000000, 0.532445, 0.846464, 0.000000, -0.846464, 0.532445),
 ["RightUpperArm"] = CFrame.new(0.000000, 0.000000, 0.000000, 1.000000, 0.000000, 0.000000, 0.000000, -0.798982, 0.601355, 0.000000, -0.601355, -0.798982),
 ["RightUpperLeg"] = CFrame.new(0.000000, 0.000000, 0.000000, 1.000000, 0.000000, 0.000000, 0.000000, 0.518483, 0.855088, 0.000000, -0.855088, 0.518483),
 ["UpperTorso"] = CFrame.new(0.129280, -0.369129, 1.253488, 1.000000, 0.000000, 0.000000, 0.000000, 0.959306, -0.282367, 0.000000, 0.282367, 0.959306),
 }},
 {Time = 4.000, Data = {
 ["Head"] = CFrame.new(-0.613947, -1.078157, 2.026117, 1.000000, 0.000000, 0.000000, 0.000000, 0.311184, 0.950350, 0.000000, -0.950350, 0.311184),
 ["HumanoidRootPart"] = CFrame.new(0.000000, 0.000000, 0.000000, 1.000000, 0.000000, 0.000000, 0.000000, 1.000000, 0.000000, 0.000000, 0.000000, 1.000000),
 ["LeftUpperArm"] = CFrame.new(0.000001, 0.112178, -0.269915, 1.000000, 0.000000, 0.000000, 0.000000, 0.383775, 0.923426, 0.000000, -0.923426, 0.383775),
 ["LeftUpperLeg"] = CFrame.new(0.000000, -0.000001, 0.000001, 1.000000, 0.000000, 0.000000, 0.000000, 0.577906, 0.816103, 0.000000, -0.816103, 0.577906),
 ["LowerTorso"] = CFrame.new(0.000000, 0.000000, 0.000000, 1.000000, 0.000000, 0.000000, 0.000000, 1.000000, 0.000000, 0.000000, 0.000000, 1.000000),
 ["RightUpperArm"] = CFrame.new(0.000000, -0.229170, -0.172497, 1.000000, 0.000000, 0.000000, 0.000000, -0.798962, 0.601382, 0.000000, -0.601382, -0.798962),
 ["RightUpperLeg"] = CFrame.new(0.000000, 0.000000, 0.000000, 1.000000, 0.000000, 0.000000, 0.000000, -0.108171, -0.994132, 0.000000, 0.994132, -0.108171),
 ["UpperTorso"] = CFrame.new(0.000000, 0.000000, 0.000000, 1.000000, 0.000000, 0.000000, 0.000000, 1.000000, 0.000000, 0.000000, 0.000000, 1.000000),
 }},
 {Time = 4.333, Data = {
 ["Head"] = CFrame.new(-0.613947, -1.224610, 2.473383, 1.000000, 0.000000, 0.000000, 0.000000, 0.311238, 0.950332, 0.000000, -0.950332, 0.311238),
 ["HumanoidRootPart"] = CFrame.new(0.000000, 0.000000, 0.000000, 1.000000, 0.000000, 0.000000, 0.000000, 1.000000, 0.000000, 0.000000, 0.000000, 1.000000),
 ["LeftLowerLeg"] = CFrame.new(0.000000, 0.000000, 0.000000, 1.000000, 0.000000, 0.000000, 0.000000, 0.573266, 0.819369, 0.000000, -0.819369, 0.573266),
 ["LeftUpperArm"] = CFrame.new(0.000000, 0.000001, 0.000000, 1.000000, 0.000000, 0.000000, 0.000000, 0.383827, 0.923405, 0.000000, -0.923405, 0.383827),
 ["LeftUpperLeg"] = CFrame.new(0.000000, 0.000000, 0.000000, 1.000000, 0.000000, 0.000000, 0.000000, -0.122246, -0.992500, 0.000000, 0.992500, -0.122246),
 ["LowerTorso"] = CFrame.new(0.000000, 0.000000, 0.000000, 1.000000, 0.000000, 0.000000, 0.000000, 1.000000, 0.000000, 0.000000, 0.000000, 1.000000),
 ["RightLowerArm"] = CFrame.new(0.000000, 0.000000, 0.000000, 0.630341, 0.776318, 0.000000, -0.776318, 0.630341, 0.000000, 0.000000, 0.000000, 1.000000),
 ["RightLowerLeg"] = CFrame.new(0.000000, 0.000001, 0.000000, 1.000000, 0.000000, 0.000000, 0.000000, 0.532445, 0.846464, 0.000000, -0.846464, 0.532445),
 ["RightUpperArm"] = CFrame.new(0.000000, 0.000000, 0.000000, 1.000000, 0.000000, 0.000000, 0.000000, -0.798982, 0.601355, 0.000000, -0.601355, -0.798982),
 ["RightUpperLeg"] = CFrame.new(0.000000, 0.000000, 0.000000, 1.000000, 0.000000, 0.000000, 0.000000, 0.518483, 0.855088, 0.000000, -0.855088, 0.518483),
 ["UpperTorso"] = CFrame.new(0.129280, -0.369129, 1.253488, 1.000000, 0.000000, 0.000000, 0.000000, 0.959306, -0.282367, 0.000000, 0.282367, 0.959306),
 }},
 },
}
