return {
 ["anim_131137883520117"] = {
 {Time = 0.000, Data = {
 ["HumanoidRootPart"] = CFrame.new(0.000000, 0.000000, 0.000000, 1.000000, 0.000000, 0.000000, 0.000000, 1.000000, 0.000000, 0.000000, 0.000000, 1.000000),
 ["LeftHand"] = CFrame.new(0.000000, -7.619278, 0.000000, 1.000000, 0.000000, 0.000000, 0.000000, 1.000000, 0.000000, 0.000000, 0.000000, 1.000000),
 ["LeftLowerArm"] = CFrame.new(0.000000, 0.000000, 0.000000, 1.000000, 0.000000, 0.000000, 0.000000, 1.000000, 0.000000, 0.000000, 0.000000, 1.000000),
 ["LeftLowerLeg"] = CFrame.new(0.000000, 0.000000, 0.000000, 1.000000, 0.000000, 0.000000, 0.000000, 0.310380, 0.950612, 0.000000, -0.950612, 0.310380),
 ["LeftUpperArm"] = CFrame.new(0.193464, -10.359993, 0.000000, -0.999831, -0.018390, 0.000000, 0.018390, -0.999831, 0.000000, 0.000000, 0.000000, 1.000000),
 ["LeftUpperLeg"] = CFrame.new(0.000000, 0.000000, 0.000000, 0.842747, 0.538309, 0.000000, 0.372630, -0.583368, -0.721684, -0.388489, 0.608197, -0.692222),
 ["LowerTorso"] = CFrame.new(0.000000, -1.567925, 0.006152, 1.000000, 0.000000, 0.000000, 0.000000, 0.029174, -0.999574, 0.000000, 0.999574, 0.029174),
 ["RightLowerLeg"] = CFrame.new(0.000000, 0.000000, 0.000000, 1.000000, 0.000000, 0.000000, 0.000000, 0.272684, 0.962104, 0.000000, -0.962104, 0.272684),
 ["RightUpperArm"] = CFrame.new(0.000000, 0.000000, 0.000000, 1.000000, 0.000000, 0.000000, 0.000000, 0.709953, -0.704249, 0.000000, 0.704249, 0.709953),
 ["RightUpperLeg"] = CFrame.new(0.000000, 0.000000, 0.000000, 0.872684, -0.259026, 0.413917, 0.086579, -0.752179, -0.653247, 0.480547, 0.605915, -0.633988),
 ["UpperTorso"] = CFrame.new(0.000000, 0.000000, 0.000000, 1.000000, 0.000000, 0.000000, 0.000000, 1.000000, 0.000000, 0.000000, 0.000000, 1.000000),
 }},
 {Time = 2.000, Data = {
 ["HumanoidRootPart"] = CFrame.new(0.000000, 0.000000, 0.000000, 1.000000, 0.000000, 0.000000, 0.000000, 1.000000, 0.000000, 0.000000, 0.000000, 1.000000),
 ["LeftHand"] = CFrame.new(-0.000233, -0.822816, 0.000000, 1.000000, 0.000000, 0.000000, 0.000000, 1.000000, 0.000000, 0.000000, 0.000000, 1.000000),
 ["LeftLowerArm"] = CFrame.new(0.000000, 0.000000, 0.000000, 1.000000, 0.000000, 0.000000, 0.000000, 1.000000, 0.000000, 0.000000, 0.000000, 1.000000),
 ["LeftLowerLeg"] = CFrame.new(0.000000, 0.000000, 0.000000, 1.000000, 0.000000, 0.000000, 0.000000, 0.310380, 0.950612, 0.000000, -0.950612, 0.310380),
 ["LeftUpperArm"] = CFrame.new(0.310455, -4.014130, 0.000000, -0.999829, -0.018477, 0.000000, 0.018477, -0.999829, 0.000000, 0.000000, 0.000000, 1.000000),
 ["LeftUpperLeg"] = CFrame.new(0.000000, 0.000000, 0.000000, 0.842747, 0.538309, 0.000000, 0.372630, -0.583368, -0.721684, -0.388489, 0.608197, -0.692222),
 ["LowerTorso"] = CFrame.new(0.000000, -1.567925, 0.006152, 1.000000, 0.000000, 0.000000, 0.000000, 0.029174, -0.999574, 0.000000, 0.999574, 0.029174),
 ["RightLowerLeg"] = CFrame.new(0.000000, 0.000000, 0.000000, 1.000000, 0.000000, 0.000000, 0.000000, 0.272684, 0.962104, 0.000000, -0.962104, 0.272684),
 ["RightUpperArm"] = CFrame.new(0.000000, 0.000000, 0.000000, 1.000000, 0.000000, 0.000000, 0.000000, 0.709953, -0.704249, 0.000000, 0.704249, 0.709953),
 ["RightUpperLeg"] = CFrame.new(0.000000, 0.000000, 0.000000, 0.872684, -0.259026, 0.413917, 0.086579, -0.752179, -0.653247, 0.480547, 0.605915, -0.633988),
 ["UpperTorso"] = CFrame.new(0.000000, 0.000000, 0.000000, 1.000000, 0.000000, 0.000000, 0.000000, 1.000000, 0.000000, 0.000000, 0.000000, 1.000000),
 }},
 {Time = 4.000, Data = {
 ["HumanoidRootPart"] = CFrame.new(0.000000, 0.000000, 0.000000, 1.000000, 0.000000, 0.000000, 0.000000, 1.000000, 0.000000, 0.000000, 0.000000, 1.000000),
 ["LeftHand"] = CFrame.new(0.000000, -7.619278, 0.000000, 1.000000, 0.000000, 0.000000, 0.000000, 1.000000, 0.000000, 0.000000, 0.000000, 1.000000),
 ["LeftLowerArm"] = CFrame.new(0.000000, 0.000000, 0.000000, 1.000000, 0.000000, 0.000000, 0.000000, 1.000000, 0.000000, 0.000000, 0.000000, 1.000000),
 ["LeftLowerLeg"] = CFrame.new(0.000000, 0.000000, 0.000000, 1.000000, 0.000000, 0.000000, 0.000000, 0.310380, 0.950612, 0.000000, -0.950612, 0.310380),
 ["LeftUpperArm"] = CFrame.new(0.193464, -10.359993, 0.000000, -0.999831, -0.018390, 0.000000, 0.018390, -0.999831, 0.000000, 0.000000, 0.000000, 1.000000),
 ["LeftUpperLeg"] = CFrame.new(0.000000, 0.000000, 0.000000, 0.842747, 0.538309, 0.000000, 0.372630, -0.583368, -0.721684, -0.388489, 0.608197, -0.692222),
 ["LowerTorso"] = CFrame.new(0.000000, -1.567925, 0.006152, 1.000000, 0.000000, 0.000000, 0.000000, 0.029174, -0.999574, 0.000000, 0.999574, 0.029174),
 ["RightLowerLeg"] = CFrame.new(0.000000, 0.000000, 0.000000, 1.000000, 0.000000, 0.000000, 0.000000, 0.272684, 0.962104, 0.000000, -0.962104, 0.272684),
 ["RightUpperArm"] = CFrame.new(0.000000, 0.000000, 0.000000, 1.000000, 0.000000, 0.000000, 0.000000, 0.709953, -0.704249, 0.000000, 0.704249, 0.709953),
 ["RightUpperLeg"] = CFrame.new(0.000000, 0.000000, 0.000000, 0.872684, -0.259026, 0.413917, 0.086579, -0.752179, -0.653247, 0.480547, 0.605915, -0.633988),
 ["UpperTorso"] = CFrame.new(0.000000, 0.000000, 0.000000, 1.000000, 0.000000, 0.000000, 0.000000, 1.000000, 0.000000, 0.000000, 0.000000, 1.000000),
 }},
 },
}
