return {
 ["anim_93261595566262"] = {
  -- Original keyframes, times scaled by 0.5
  {Time = 0.000, Data = {
   ["Head"] = CFrame.new(0.000000, 0.000000, 0.000000, 1.000000, 0.000000, 0.000000, 0.000000, 0.032409, -0.999475, 0.000000, 0.999475, 0.032409),
   ["HumanoidRootPart"] = CFrame.new(0.000000, 0.000000, 0.000000, 1.000000, 0.000000, 0.000000, 0.000000, 1.000000, 0.000000, 0.000000, 0.000000, 1.000000),
   ["LeftLowerArm"] = CFrame.new(0.000000, 0.000000, 0.000000, 1.000000, 0.000000, 0.000000, 0.000000, -0.118816, -0.992916, 0.000000, 0.992916, -0.118816),
   ["LeftLowerLeg"] = CFrame.new(0.000000, 0.000000, 0.000000, 1.000000, 0.000000, 0.000000, 0.000000, 0.578981, 0.815341, 0.000000, -0.815341, 0.578981),
   ["LeftUpperArm"] = CFrame.new(0.000000, 0.067954, -0.162890, 1.000000, 0.000000, 0.000000, 0.000000, -0.385018, -0.922909, 0.000000, 0.922909, -0.385018),
   ["LeftUpperLeg"] = CFrame.new(0.000000, 0.000000, 0.000000, 1.000000, 0.000000, 0.000000, 0.000000, 0.591188, 0.806534, 0.000000, -0.806534, 0.591188),
   ["LowerTorso"] = CFrame.new(0.000000, 0.000000, 0.000000, 1.000000, 0.000000, 0.000000, 0.000000, -0.486187, 0.873855, 0.000000, -0.873855, -0.486187),
   ["RightLowerArm"] = CFrame.new(-0.000001, 0.000000, 0.000000, 1.000000, 0.000000, 0.000000, 0.000000, 0.493243, -0.869891, 0.000000, 0.869891, 0.493243),
   ["RightLowerLeg"] = CFrame.new(0.000000, 0.000000, 0.000000, 1.000000, 0.000000, 0.000000, 0.000000, -0.022305, 0.999751, 0.000000, -0.999751, -0.022305),
   ["RightUpperArm"] = CFrame.new(0.000000, 0.000000, 0.000000, 1.000000, 0.000000, 0.000000, 0.000000, 0.583258, -0.812287, 0.000000, 0.812287, 0.583258),
   ["RightUpperLeg"] = CFrame.new(0.000000, 0.000000, 0.000000, 1.000000, 0.000000, 0.000000, 0.000000, 0.074751, -0.997202, 0.000000, 0.997202, 0.074751),
   ["UpperTorso"] = CFrame.new(0.000000, 0.000000, 0.000000, 1.000000, 0.000000, 0.000000, 0.000000, 1.000000, 0.000000, 0.000000, 0.000000, 1.000000),
  }},
  {Time = 0.167, Data = {
   ["HumanoidRootPart"] = CFrame.new(0.000000, 0.000000, 0.000000, 1.000000, 0.000000, 0.000000, 0.000000, 1.000000, 0.000000, 0.000000, 0.000000, 1.000000),
   ["LeftLowerLeg"] = CFrame.new(0.000000, 0.000000, 0.000000, 1.000000, 0.000000, 0.000000, 0.000000, 0.990406, 0.138186, 0.000000, -0.138186, 0.990406),
   ["LeftUpperLeg"] = CFrame.new(0.000000, 0.000000, 0.000000, 1.000000, 0.000000, 0.000000, 0.000000, 0.394693, -0.918813, 0.000000, 0.918813, 0.394693),
   ["LowerTorso"] = CFrame.new(0.000000, 0.000000, 0.000000, 1.000000, 0.000000, 0.000000, 0.000000, 1.000000, 0.000000, 0.000000, 0.000000, 1.000000),
   ["RightLowerLeg"] = CFrame.new(0.000000, -0.000001, 0.000000, 1.000000, 0.000000, 0.000000, 0.000000, 0.581794, 0.813336, 0.000000, -0.813336, 0.581794),
   ["RightUpperArm"] = CFrame.new(0.000000, 0.113284, 0.568770, 1.000000, 0.000000, 0.000000, 0.000000, 0.583196, -0.812331, 0.000000, 0.812331, 0.583196),
   ["RightUpperLeg"] = CFrame.new(-0.000001, 0.000001, 0.000000, 1.000000, 0.000000, 0.000000, 0.000000, 0.876423, 0.481542, 0.000000, -0.481542, 0.876423),
   ["UpperTorso"] = CFrame.new(0.000000, 0.000000, 0.000000, 1.000000, 0.000000, 0.000000, 0.000000, 1.000000, 0.000000, 0.000000, 0.000000, 1.000000),
  }},
  {Time = 0.284, Data = {
   ["HumanoidRootPart"] = CFrame.new(0.000000, 0.000000, 0.000000, 1.000000, 0.000000, 0.000000, 0.000000, 1.000000, 0.000000, 0.000000, 0.000000, 1.000000),
   ["LeftUpperArm"] = CFrame.new(0.000000, -0.116622, 0.279635, 1.000000, 0.000000, 0.000000, 0.000000, -0.384954, -0.922936, 0.000000, 0.922936, -0.384954),
   ["LowerTorso"] = CFrame.new(0.000000, -0.567695, 0.315782, 1.000000, 0.000000, 0.000000, 0.000000, -0.486108, 0.873899, 0.000000, -0.873899, -0.486108),
   ["UpperTorso"] = CFrame.new(0.000000, 0.000000, 0.000000, 1.000000, 0.000000, 0.000000, 0.000000, 1.000000, 0.000000, 0.000000, 0.000000, 1.000000),
  }},
  {Time = 0.821, Data = {
   ["HumanoidRootPart"] = CFrame.new(0.000000, 0.000000, 0.000000, 1.000000, 0.000000, 0.000000, 0.000000, 1.000000, 0.000000, 0.000000, 0.000000, 1.000000),
   ["LowerTorso"] = CFrame.new(0.000000, 0.000000, 0.000000, 1.000000, 0.000000, 0.000000, 0.000000, 1.000000, 0.000000, 0.000000, 0.000000, 1.000000),
   ["RightUpperArm"] = CFrame.new(-0.000001, 0.113284, 0.568769, 1.000000, 0.000000, 0.000000, 0.000000, -0.827004, -0.562196, 0.000000, 0.562196, -0.827004),
   ["UpperTorso"] = CFrame.new(0.000000, 0.000000, 0.000000, 1.000000, 0.000000, 0.000000, 0.000000, 1.000000, 0.000000, 0.000000, 0.000000, 1.000000),
  }},
  {Time = 0.825, Data = {
   ["HumanoidRootPart"] = CFrame.new(0.000000, 0.000000, 0.000000, 1.000000, 0.000000, 0.000000, 0.000000, 1.000000, 0.000000, 0.000000, 0.000000, 1.000000),
   ["LeftLowerLeg"] = CFrame.new(-0.000001, 0.000000, 0.000000, 1.000000, 0.000000, 0.000000, 0.000000, 0.767471, 0.641084, 0.000000, -0.641084, 0.767471),
   ["LeftUpperArm"] = CFrame.new(0.000000, -0.251829, 0.603860, 1.000000, 0.000000, 0.000000, 0.000000, -0.384889, -0.922963, 0.000000, 0.922963, -0.384889),
   ["LeftUpperLeg"] = CFrame.new(-0.000002, 0.000001, 0.000001, 0.805731, 0.592281, 0.000000, -0.424927, 0.578065, -0.696619, -0.412594, 0.561287, 0.717441),
   ["LowerTorso"] = CFrame.new(0.000000, 0.000000, 0.000000, 1.000000, 0.000000, 0.000000, 0.000000, 1.000000, 0.000000, 0.000000, 0.000000, 1.000000),
   ["RightUpperArm"] = CFrame.new(-0.000001, 0.113284, 0.568770, 1.000000, 0.000000, 0.000000, 0.000000, 0.527418, -0.849605, 0.000000, 0.849605, 0.527418),
   ["RightUpperLeg"] = CFrame.new(-0.000002, 0.000001, 0.000000, 0.945119, -0.326724, 0.000000, 0.167687, 0.485073, -0.858245, 0.280409, 0.811145, 0.513239),
   ["UpperTorso"] = CFrame.new(0.000000, 0.000000, 0.000000, 1.000000, 0.000000, 0.000000, 0.000000, 1.000000, 0.000000, 0.000000, 0.000000, 1.000000),
  }},
  {Time = 0.834, Data = {
   ["HumanoidRootPart"] = CFrame.new(0.000000, 0.000000, 0.000000, 1.000000, 0.000000, 0.000000, 0.000000, 1.000000, 0.000000, 0.000000, 0.000000, 1.000000),
   ["LowerTorso"] = CFrame.new(0.000000, -1.385441, 0.561841, 1.000000, 0.000000, 0.000000, 0.000000, -0.288138, 0.957589, 0.000000, -0.957589, -0.288138),
  }},

  -- === BUTT SHAKE KEYFRAMES (only upper legs alternate) ===
  {Time = 0.850, Data = {
   ["LeftUpperLeg"] = CFrame.new(0,0,0, 0.988771, -0.149438, 0, 0.149438, 0.988771, 0, 0,0,1),
   ["RightUpperLeg"] = CFrame.new(0,0,0, 0.988771, 0.149438, 0, -0.149438, 0.988771, 0, 0,0,1),
  }},
  {Time = 0.883, Data = {
   ["LeftUpperLeg"] = CFrame.new(0,0,0, 0.988771, 0.149438, 0, -0.149438, 0.988771, 0, 0,0,1),
   ["RightUpperLeg"] = CFrame.new(0,0,0, 0.988771, -0.149438, 0, 0.149438, 0.988771, 0, 0,0,1),
  }},
  {Time = 0.917, Data = {
   ["LeftUpperLeg"] = CFrame.new(0,0,0, 0.988771, -0.149438, 0, 0.149438, 0.988771, 0, 0,0,1),
   ["RightUpperLeg"] = CFrame.new(0,0,0, 0.988771, 0.149438, 0, -0.149438, 0.988771, 0, 0,0,1),
  }},
  {Time = 0.950, Data = {
   ["LeftUpperLeg"] = CFrame.new(0,0,0, 0.988771, 0.149438, 0, -0.149438, 0.988771, 0, 0,0,1),
   ["RightUpperLeg"] = CFrame.new(0,0,0, 0.988771, -0.149438, 0, 0.149438, 0.988771, 0, 0,0,1),
  }},
  {Time = 0.983, Data = {
   ["LeftUpperLeg"] = CFrame.new(0,0,0, 0.988771, -0.149438, 0, 0.149438, 0.988771, 0, 0,0,1),
   ["RightUpperLeg"] = CFrame.new(0,0,0, 0.988771, 0.149438, 0, -0.149438, 0.988771, 0, 0,0,1),
  }},
  {Time = 1.017, Data = {
   ["LeftUpperLeg"] = CFrame.new(0,0,0, 0.988771, 0.149438, 0, -0.149438, 0.988771, 0, 0,0,1),
   ["RightUpperLeg"] = CFrame.new(0,0,0, 0.988771, -0.149438, 0, 0.149438, 0.988771, 0, 0,0,1),
  }},
 },
}
