return {
	["anim_94376672925318"] = {
		{
			Time = 0.000,
			Data = {
				["Head"] = CFrame.new(-0.75, 1.05, 0.05, 1.000000, 0.000000, 0.000000, 0.000000, 0.963268, 0.268541, 0.000000, -0.268541, 0.963268),
				["HumanoidRootPart"] = CFrame.new(0.000000, 0.000000, 0.000000, 1.000000, 0.000000, 0.000000, 0.000000, 1.000000, 0.000000, 0.000000, 0.000000, 1.000000),
				["LeftLowerArm"] = CFrame.new(-0.000001, 0.000001, 0.000001, 1.000000, 0.000000, 0.000000, 0.000000, 0.535506, -0.844531, 0.000000, 0.844531, 0.535506),
				["LeftLowerLeg"] = CFrame.new(0.000000, -0.65, 0.000000, 1.000000, 0.000000, 0.000000, 0.000000, 0.866025, -0.5, 0.000000, 0.5, 0.866025),
				["LeftUpperArm"] = CFrame.new(0.000000, 0.000000, 0.000000, 0.877601, 0.479392, 0.000000, 0.167118, -0.305935, -0.937270, -0.449320, 0.822549, -0.348603),
				["LeftUpperLeg"] = CFrame.new(0.000000, 0.000000, 0.000000, 0.901215, 0.433373, 0.000000, -0.006418, 0.013347, -0.999890, -0.433325, 0.901116, 0.014810),
				["LowerTorso"] = CFrame.new(0.000000, -1.761194, 0.000000, 1.000000, 0.000000, 0.000000, 0.000000, 1.000000, 0.000000, 0.000000, 0.000000, 1.000000),
				["RightUpperArm"] = CFrame.new(0.45, 0.45, 0.15, 0.866025, 0.5, 0.000000, -0.5, 0.866025, 0.000000, 0.000000, 0.000000, 1.000000), -- Better hand position
				["RightUpperLeg"] = CFrame.new(0, 0, 0, 0.866025, -0.5, 0, 0.258819, 0.965926, -0.0, -0.5, 0.258819, 0.866025),
				["UpperTorso"] = CFrame.new(0.000000, 0.000000, 0.000000, 1.000000, 0.000000, 0.000000, 0.000000, 0.954945, -0.296782, 0.000000, 0.296782, 0.954945),
			}
		},
		-- All middle keyframes keep the same body pose (only Head changes)
		{
			Time = 0.250,
			Data = {
				["Head"] = CFrame.new(-0.75, 1.05, 0.05, 0.446669, 0.000009, -0.894699, 0.240210, 0.963284, 0.119932, 0.861850, -0.268486, 0.430267),
				["HumanoidRootPart"] = CFrame.new(0,0,0,1,0,0,0,1,0,0,0,1),
				["LeftLowerArm"] = CFrame.new(-0.000001, 0.000001, 0.000001, 1,0,0,0,0.535506,-0.844531,0,0.844531,0.535506),
				["LeftLowerLeg"] = CFrame.new(0,-0.65,0,1,0,0,0,0.866025,-0.5,0,0.5,0.866025),
				["LeftUpperArm"] = CFrame.new(0,0,0,0.877601,0.479392,0,0.167118,-0.305935,-0.93727,-0.44932,0.822549,-0.348603),
				["LeftUpperLeg"] = CFrame.new(0,0,0,0.901215,0.433373,0,-0.006418,0.013347,-0.99989,-0.433325,0.901116,0.01481),
				["LowerTorso"] = CFrame.new(0,-1.761194,0,1,0,0,0,1,0,0,0,1),
				["RightUpperArm"] = CFrame.new(0.45,0.45,0.15,0.866025,0.5,0,-0.5,0.866025,0,0,0,1),
				["RightUpperLeg"] = CFrame.new(0,0,0,0.866025,-0.5,0,0.258819,0.965926,0,-0.5,0.258819,0.866025),
				["UpperTorso"] = CFrame.new(0,0,0,1,0,0,0,0.954945,-0.296782,0,0.296782,0.954945),
			}
		},
		{
			Time = 0.500,
			Data = {
				["Head"] = CFrame.new(-0.75, 1.05, 0.05, -0.369160, -0.007289, -0.929337, 0.238522, 0.965731, -0.102323, 0.898236, -0.259441, -0.354771),
				["HumanoidRootPart"] = CFrame.new(0,0,0,1,0,0,0,1,0,0,0,1),
				["LeftLowerArm"] = CFrame.new(-0.000001, 0.000001, 0.000001, 1,0,0,0,0.535506,-0.844531,0,0.844531,0.535506),
				["LeftLowerLeg"] = CFrame.new(0,-0.65,0,1,0,0,0,0.866025,-0.5,0,0.5,0.866025),
				["LeftUpperArm"] = CFrame.new(0,0,0,0.877601,0.479392,0,0.167118,-0.305935,-0.93727,-0.44932,0.822549,-0.348603),
				["LeftUpperLeg"] = CFrame.new(0,0,0,0.901215,0.433373,0,-0.006418,0.013347,-0.99989,-0.433325,0.901116,0.01481),
				["LowerTorso"] = CFrame.new(0,-1.761194,0,1,0,0,0,1,0,0,0,1),
				["RightUpperArm"] = CFrame.new(0.45,0.45,0.15,0.866025,0.5,0,-0.5,0.866025,0,0,0,1),
				["RightUpperLeg"] = CFrame.new(0,0,0,0.866025,-0.5,0,0.258819,0.965926,0,-0.5,0.258819,0.866025),
				["UpperTorso"] = CFrame.new(0,0,0,1,0,0,0,0.954945,-0.296782,0,0.296782,0.954945),
			}
		},
		{
			Time = 0.750,
			Data = {
				["Head"] = CFrame.new(-0.75, 1.05, 0.05, -0.992075, -0.010918, -0.125174, 0.021943, 0.965854, -0.258155, 0.123718, -0.258855, -0.957960),
				["HumanoidRootPart"] = CFrame.new(0,0,0,1,0,0,0,1,0,0,0,1),
				["LeftLowerArm"] = CFrame.new(-0.000001, 0.000001, 0.000001, 1,0,0,0,0.535506,-0.844531,0,0.844531,0.535506),
				["LeftLowerLeg"] = CFrame.new(0,-0.65,0,1,0,0,0,0.866025,-0.5,0,0.5,0.866025),
				["LeftUpperArm"] = CFrame.new(0,0,0,0.877601,0.479392,0,0.167118,-0.305935,-0.93727,-0.44932,0.822549,-0.348603),
				["LeftUpperLeg"] = CFrame.new(0,0,0,0.901215,0.433373,0,-0.006418,0.013347,-0.99989,-0.433325,0.901116,0.01481),
				["LowerTorso"] = CFrame.new(0,-1.761194,0,1,0,0,0,1,0,0,0,1),
				["RightUpperArm"] = CFrame.new(0.45,0.45,0.15,0.866025,0.5,0,-0.5,0.866025,0,0,0,1),
				["RightUpperLeg"] = CFrame.new(0,0,0,0.866025,-0.5,0,0.258819,0.965926,0,-0.5,0.258819,0.866025),
				["UpperTorso"] = CFrame.new(0,0,0,1,0,0,0,0.954945,-0.296782,0,0.296782,0.954945),
			}
		},
		{
			Time = 1.000,
			Data = {
				["Head"] = CFrame.new(-0.75, 1.05, 0.05, -0.679751, -0.009378, 0.733383, -0.197056, 0.965489, -0.170300, -0.706475, -0.260279, -0.658139),
				["HumanoidRootPart"] = CFrame.new(0,0,0,1,0,0,0,1,0,0,0,1),
				["LeftLowerArm"] = CFrame.new(-0.000001, 0.000001, 0.000001, 1,0,0,0,0.535506,-0.844531,0,0.844531,0.535506),
				["LeftLowerLeg"] = CFrame.new(0,-0.65,0,1,0,0,0,0.866025,-0.5,0,0.5,0.866025),
				["LeftUpperArm"] = CFrame.new(0,0,0,0.877601,0.479392,0,0.167118,-0.305935,-0.93727,-0.44932,0.822549,-0.348603),
				["LeftUpperLeg"] = CFrame.new(0,0,0,1,0,0,0,1,0,0,0,1),
				["LowerTorso"] = CFrame.new(0,-1.761194,0,1,0,0,0,1,0,0,0,1),
				["RightUpperArm"] = CFrame.new(0.45,0.45,0.15,0.866025,0.5,0,-0.5,0.866025,0,0,0,1),
				["RightUpperLeg"] = CFrame.new(0,0,0,0.866025,-0.5,0,0.258819,0.965926,0,-0.5,0.258819,0.866025),
				["UpperTorso"] = CFrame.new(0,0,0,1,0,0,0,0.938945,-0.344068,0,0.344068,0.938945),
			}
		},
		{
			Time = 1.258,
			Data = {
				["Head"] = CFrame.new(-0.75, 1.05, 0.05, 0.433985, -0.002920, 0.900915, -0.233027, 0.965601, 0.115383, -0.870262, -0.260012, 0.418376),
				["HumanoidRootPart"] = CFrame.new(0,0,0,1,0,0,0,1,0,0,0,1),
				["LeftLowerArm"] = CFrame.new(-0.000001, 0.000001, 0.000001, 1,0,0,0,0.535506,-0.844531,0,0.844531,0.535506),
				["LeftLowerLeg"] = CFrame.new(0,-0.65,0,1,0,0,0,0.866025,-0.5,0,0.5,0.866025),
				["LeftUpperArm"] = CFrame.new(0,0,0,0.877601,0.479392,0,0.167118,-0.305935,-0.93727,-0.44932,0.822549,-0.348603),
				["LeftUpperLeg"] = CFrame.new(0,0,0,0.901215,0.433373,0,-0.006418,0.013347,-0.99989,-0.433325,0.901116,0.01481),
				["LowerTorso"] = CFrame.new(0,-1.761194,0,1,0,0,0,1,0,0,0,1),
				["RightUpperArm"] = CFrame.new(0.45,0.45,0.15,0.866025,0.5,0,-0.5,0.866025,0,0,0,1),
				["RightUpperLeg"] = CFrame.new(0,0,0,0.866025,-0.5,0,0.258819,0.965926,0,-0.5,0.258819,0.866025),
				["UpperTorso"] = CFrame.new(0,0,0,1,0,0,0,1,0,0,0,1),
			}
		},
		{
			Time = 1.500,
			Data = {
				["Head"] = CFrame.new(-0.75, 1.05, 0.05, 0.877633, 0.014281, 0.479121, -0.130195, 0.969080, 0.209601, -0.461313, -0.246331, 0.852356),
				["HumanoidRootPart"] = CFrame.new(0,0,0,1,0,0,0,1,0,0,0,1),
				["LeftLowerArm"] = CFrame.new(-0.000001, 0.000001, 0.000001, 1,0,0,0,0.535506,-0.844531,0,0.844531,0.535506),
				["LeftLowerLeg"] = CFrame.new(0,-0.65,0,1,0,0,0,0.866025,-0.5,0,0.5,0.866025),
				["LeftUpperArm"] = CFrame.new(0,0,0,0.877601,0.479392,0,0.167118,-0.305935,-0.93727,-0.44932,0.822549,-0.348603),
				["LeftUpperLeg"] = CFrame.new(0,0,0,0.901215,0.433373,0,-0.006418,0.013347,-0.99989,-0.433325,0.901116,0.01481),
				["LowerTorso"] = CFrame.new(0,-1.761194,0,1,0,0,0,1,0,0,0,1),
				["RightUpperArm"] = CFrame.new(0.45,0.45,0.15,0.866025,0.5,0,-0.5,0.866025,0,0,0,1),
				["RightUpperLeg"] = CFrame.new(0,0,0,0.866025,-0.5,0,0.258819,0.965926,0,-0.5,0.258819,0.866025),
				["UpperTorso"] = CFrame.new(0,0,0,1,0,0,0,1,0,0,0,1),
			}
		},
		{
			Time = 1.750,
			Data = {
				["Head"] = CFrame.new(-0.75, 1.05, 0.05, 0.940423, 0.037949, -0.337882, 0.040750, 0.974009, 0.222814, 0.337556, -0.223308, 0.914434),
				["HumanoidRootPart"] = CFrame.new(0,0,0,1,0,0,0,1,0,0,0,1),
				["LeftLowerArm"] = CFrame.new(-0.000001, 0.000001, 0.000001, 1,0,0,0,0.535506,-0.844531,0,0.844531,0.535506),
				["LeftLowerLeg"] = CFrame.new(0,-0.65,0,1,0,0,0,0.866025,-0.5,0,0.5,0.866025),
				["LeftUpperArm"] = CFrame.new(0,0,0,0.877601,0.479392,0,0.167118,-0.305935,-0.93727,-0.44932,0.822549,-0.348603),
				["LeftUpperLeg"] = CFrame.new(0,0,0,0.901215,0.433373,0,-0.006418,0.013347,-0.99989,-0.433325,0.901116,0.01481),
				["LowerTorso"] = CFrame.new(0,-1.761194,0,1,0,0,0,1,0,0,0,1),
				["RightUpperArm"] = CFrame.new(0.45,0.45,0.15,0.866025,0.5,0,-0.5,0.866025,0,0,0,1),
				["RightUpperLeg"] = CFrame.new(0,0,0,0.866025,-0.5,0,0.258819,0.965926,0,-0.5,0.258819,0.866025),
				["UpperTorso"] = CFrame.new(0,0,0,1,0,0,0,1,0,0,0,1),
			}
		},
		{
			Time = 2.250,
			Data = {
				["Head"] = CFrame.new(-0.75, 1.05, 0.05, 0.492959, -0.027883, 0.869606, -0.192163, 0.971315, 0.140077, -0.848566, -0.236158, 0.473460),
				["HumanoidRootPart"] = CFrame.new(0,0,0,1,0,0,0,1,0,0,0,1),
				["LeftLowerArm"] = CFrame.new(-0.000001, 0.000001, 0.000001, 1,0,0,0,0.535506,-0.844531,0,0.844531,0.535506),
				["LeftLowerLeg"] = CFrame.new(0,-0.65,0,1,0,0,0,0.866025,-0.5,0,0.5,0.866025),
				["LeftUpperArm"] = CFrame.new(0,0,0,0.877601,0.479392,0,0.167118,-0.305935,-0.93727,-0.44932,0.822549,-0.348603),
				["LeftUpperLeg"] = CFrame.new(0,0,0,0.901215,0.433373,0,-0.006418,0.013347,-0.99989,-0.433325,0.901116,0.01481),
				["LowerTorso"] = CFrame.new(0,-1.761194,0,1,0,0,0,1,0,0,0,1),
				["RightUpperArm"] = CFrame.new(0.45,0.45,0.15,0.866025,0.5,0,-0.5,0.866025,0,0,0,1),
				["RightUpperLeg"] = CFrame.new(0,0,0,0.866025,-0.5,0,0.258819,0.965926,0,-0.5,0.258819,0.866025),
				["UpperTorso"] = CFrame.new(0,0,0,1,0,0,0,1,0,0,0,1),
			}
		},
		{
			Time = 2.500,
			Data = {
				["Head"] = CFrame.new(-0.75, 1.05, 0.05, 0.997205, 0.000001, 0.074708, -0.020053, 0.963305, 0.267657, -0.071966, -0.268407, 0.960614),
				["HumanoidRootPart"] = CFrame.new(0,0,0,1,0,0,0,1,0,0,0,1),
				["LeftLowerArm"] = CFrame.new(-0.000001, 0.000001, 0.000001, 1,0,0,0,0.535506,-0.844531,0,0.844531,0.535506),
				["LeftLowerLeg"] = CFrame.new(0,-0.65,0,1,0,0,0,0.866025,-0.5,0,0.5,0.866025),
				["LeftUpperArm"] = CFrame.new(0,0,0,0.877601,0.479392,0,0.167118,-0.305935,-0.93727,-0.44932,0.822549,-0.348603),
				["LeftUpperLeg"] = CFrame.new(0,0,0,0.901215,0.433373,0,-0.006418,0.013347,-0.99989,-0.433325,0.901116,0.01481),
				["LowerTorso"] = CFrame.new(0,-1.761194,0,1,0,0,0,1,0,0,0,1),
				["RightUpperArm"] = CFrame.new(0.45,0.45,0.15,0.866025,0.5,0,-0.5,0.866025,0,0,0,1),
				["RightUpperLeg"] = CFrame.new(0,0,0,0.866025,-0.5,0,0.258819,0.965926,0,-0.5,0.258819,0.866025),
				["UpperTorso"] = CFrame.new(0,0,0,1,0,0,0,0.954945,-0.296782,0,0.296782,0.954945),
			}
		},
	},
}
