return {
 ["anim_91016203731116"] = {
 {Time = 0.000, Data = {
 ["Head"] = CFrame.new(0.000000, -2.801332, 0.816085, 1.000000, 0.000000, 0.000000, 0.000000, 0.774539, 0.632526, 0.000000, -0.632526, 0.774539),
 ["HumanoidRootPart"] = CFrame.new(0.000000, 0.000000, 0.000000, 1.000000, 0.000000, 0.000000, 0.000000, 1.000000, 0.000000, 0.000000, 0.000000, 1.000000),
 ["LeftLowerArm"] = CFrame.new(0.000001, 0.000000, 0.000000, 0.240004, -0.970772, 0.000000, 0.970772, 0.240004, 0.000000, 0.000000, 0.000000, 1.000000),
 ["LeftLowerLeg"] = CFrame.new(0.000000, 0.000000, 0.000000, 1.000000, 0.000000, 0.000000, 0.000000, 0.455935, 0.890013, 0.000000, -0.890013, 0.455935),
 ["LeftUpperArm"] = CFrame.new(-0.000001, 0.000000, 0.000000, 0.966589, 0.256332, 0.000000, 0.233597, -0.880857, 0.411733, 0.105540, -0.397976, -0.911305),
 ["LeftUpperLeg"] = CFrame.new(-0.000002, 0.000000, -0.000001, 0.874371, 0.464913, 0.139035, -0.075307, 0.413051, -0.907589, -0.479378, 0.783099, 0.396171),
 ["LowerTorso"] = CFrame.new(0.000000, 0.000000, 0.000000, 1.000000, 0.000000, 0.000000, 0.000000, 1.000000, 0.000000, 0.000000, 0.000000, 1.000000),
 ["RightLowerArm"] = CFrame.new(-0.000002, 0.000000, 0.000002, 0.551826, 0.833960, 0.000000, -0.833959, 0.551826, 0.000000, 0.000000, 0.000000, 1.000000),
 ["RightLowerLeg"] = CFrame.new(0.000000, 0.000000, 0.000000, 1.000000, 0.000000, 0.000000, 0.000000, 0.751458, 0.659780, 0.000000, -0.659780, 0.751458),
 ["RightUpperArm"] = CFrame.new(-0.000001, 0.000000, 0.000000, 0.999972, -0.007456, 0.001370, -0.007302, -0.898613, 0.438681, -0.002040, -0.438678, -0.898642),
 ["RightUpperLeg"] = CFrame.new(-0.000001, 0.000000, 0.000000, 0.915907, -0.401391, 0.000000, 0.199379, 0.454948, -0.867911, 0.348372, 0.794926, 0.496719),
 ["UpperTorso"] = CFrame.new(0.000000, 0.000000, 0.000000, 1.000000, 0.000000, 0.000000, 0.000000, 0.816796, -0.576927, 0.000000, 0.576927, 0.816796),
 }},
 {Time = 2.333, Data = {
 ["Head"] = CFrame.new(0.000000, -2.681881, 0.718477, 1.000000, 0.000000, 0.000000, 0.000000, 0.774539, 0.632526, 0.000000, -0.632526, 0.774539),
 ["HumanoidRootPart"] = CFrame.new(0.000000, 0.000000, 0.000000, 1.000000, 0.000000, 0.000000, 0.000000, 1.000000, 0.000000, 0.000000, 0.000000, 1.000000),
 ["LeftLowerArm"] = CFrame.new(0.000001, 0.000000, 0.000000, 0.240004, -0.970772, 0.000000, 0.970772, 0.240004, 0.000000, 0.000000, 0.000000, 1.000000),
 ["LeftLowerLeg"] = CFrame.new(0.000000, 0.000000, 0.000000, 1.000000, 0.000000, 0.000000, 0.000000, 0.455935, 0.890013, 0.000000, -0.890013, 0.455935),
 ["LeftUpperArm"] = CFrame.new(0.053729, -0.184681, -0.083419, 0.966601, 0.256286, -0.000032, 0.233578, -0.880906, 0.411639, 0.105469, -0.397898, -0.911347),
 ["LeftUpperLeg"] = CFrame.new(-0.000003, 0.000000, -0.000001, 0.874427, 0.480636, -0.066078, -0.075308, -0.000082, -0.997160, -0.479277, 0.876920, 0.036124),
 ["LowerTorso"] = CFrame.new(0.000000, 0.000000, 0.000000, 1.000000, 0.000000, 0.000000, 0.000000, 1.000000, 0.000000, 0.000000, 0.000000, 1.000000),
 ["RightLowerArm"] = CFrame.new(-0.000002, 0.000000, 0.000002, 0.551826, 0.833960, 0.000000, -0.833959, 0.551826, 0.000000, 0.000000, 0.000000, 1.000000),
 ["RightLowerLeg"] = CFrame.new(0.000000, 0.000000, 0.000000, 1.000000, 0.000000, 0.000000, 0.000000, 0.751458, 0.659780, 0.000000, -0.659780, 0.751458),
 ["RightUpperArm"] = CFrame.new(-0.001595, -0.194266, -0.094804, 0.999972, -0.007376, 0.001438, -0.007259, -0.898672, 0.438561, -0.001943, -0.438559, -0.898700),
 ["RightUpperLeg"] = CFrame.new(-0.000002, 0.000001, 0.000000, 0.915962, -0.395088, -0.070136, 0.199394, 0.599828, -0.774886, 0.348218, 0.695782, 0.628197),
 ["UpperTorso"] = CFrame.new(0.000000, 0.000000, 0.000000, 1.000000, 0.000000, 0.000000, 0.000000, 0.790127, -0.612943, 0.000000, 0.612943, 0.790127),
 }},
 {Time = 4.667, Data = {
 ["Head"] = CFrame.new(0.000000, -2.801332, 0.816085, 1.000000, 0.000000, 0.000000, 0.000000, 0.774539, 0.632526, 0.000000, -0.632526, 0.774539),
 ["HumanoidRootPart"] = CFrame.new(0.000000, 0.000000, 0.000000, 1.000000, 0.000000, 0.000000, 0.000000, 1.000000, 0.000000, 0.000000, 0.000000, 1.000000),
 ["LeftLowerArm"] = CFrame.new(0.000001, 0.000000, 0.000000, 0.240004, -0.970772, 0.000000, 0.970772, 0.240004, 0.000000, 0.000000, 0.000000, 1.000000),
 ["LeftLowerLeg"] = CFrame.new(0.000000, 0.000000, 0.000000, 1.000000, 0.000000, 0.000000, 0.000000, 0.455935, 0.890013, 0.000000, -0.890013, 0.455935),
 ["LeftUpperArm"] = CFrame.new(-0.000001, 0.000000, 0.000000, 0.966589, 0.256332, 0.000000, 0.233597, -0.880857, 0.411733, 0.105540, -0.397976, -0.911305),
 ["LeftUpperLeg"] = CFrame.new(-0.000002, 0.000000, -0.000001, 0.874371, 0.464913, 0.139035, -0.075307, 0.413051, -0.907589, -0.479378, 0.783099, 0.396171),
 ["LowerTorso"] = CFrame.new(0.000000, 0.000000, 0.000000, 1.000000, 0.000000, 0.000000, 0.000000, 1.000000, 0.000000, 0.000000, 0.000000, 1.000000),
 ["RightLowerArm"] = CFrame.new(-0.000002, 0.000000, 0.000002, 0.551826, 0.833960, 0.000000, -0.833959, 0.551826, 0.000000, 0.000000, 0.000000, 1.000000),
 ["RightLowerLeg"] = CFrame.new(0.000000, 0.000000, 0.000000, 1.000000, 0.000000, 0.000000, 0.000000, 0.751458, 0.659780, 0.000000, -0.659780, 0.751458),
 ["RightUpperArm"] = CFrame.new(-0.000001, 0.000000, 0.000000, 0.999972, -0.007456, 0.001370, -0.007302, -0.898613, 0.438681, -0.002040, -0.438678, -0.898642),
 ["RightUpperLeg"] = CFrame.new(-0.000001, 0.000000, 0.000000, 0.915907, -0.401391, 0.000000, 0.199379, 0.454948, -0.867911, 0.348372, 0.794926, 0.496719),
 ["UpperTorso"] = CFrame.new(0.000000, 0.000000, 0.000000, 1.000000, 0.000000, 0.000000, 0.000000, 0.816796, -0.576927, 0.000000, 0.576927, 0.816796),
 }},
 },
}
