return {
 ["anim_103984855349352"] = {
 {Time = 0.000, Data = {
 ["Head"] = CFrame.new(0.000000, 0.000000, 0.000000, 1.000000, 0.000000, 0.000000, 0.000000, 0.575296, 0.817945, 0.000000, -0.817945, 0.575296),
 ["HumanoidRootPart"] = CFrame.new(0.000000, 0.000000, 0.000000, 1.000000, 0.000000, 0.000000, 0.000000, 1.000000, 0.000000, 0.000000, 0.000000, 1.000000),
 ["LeftLowerLeg"] = CFrame.new(0.000000, 0.000000, 0.000000, 1.000000, 0.000000, 0.000000, 0.000000, 0.676988, 0.735994, 0.000000, -0.735994, 0.676988),
 ["LeftUpperArm"] = CFrame.new(0.267359, -1.818293, -0.757931, -0.999735, 0.023041, 0.000000, -0.023041, -0.999735, 0.000000, 0.000000, 0.000000, 1.000000),
 ["LeftUpperLeg"] = CFrame.new(0.000000, 0.000001, 0.000000, 0.855566, 0.508140, -0.098999, -0.054406, 0.278426, 0.958915, 0.514827, -0.815029, 0.265858),
 ["LowerTorso"] = CFrame.new(0.000000, -1.588279, 0.000000, 1.000000, 0.000000, 0.000000, 0.000000, 1.000000, 0.000000, 0.000000, 0.000000, 1.000000),
 ["RightHand"] = CFrame.new(0.000000, 0.000000, 0.000000, 1.000000, 0.000000, 0.000000, 0.000000, 1.000000, 0.000000, 0.000000, 0.000000, 1.000000),
 ["RightLowerArm"] = CFrame.new(0.000000, 0.000000, 0.000000, 1.000000, 0.000000, 0.000000, 0.000000, 1.000000, 0.000000, 0.000000, 0.000000, 1.000000),
 ["RightLowerLeg"] = CFrame.new(0.000000, 0.000000, 0.000000, 1.000000, 0.000000, 0.000000, 0.000000, 0.905652, 0.424022, 0.000000, -0.424022, 0.905652),
 ["RightUpperArm"] = CFrame.new(-0.137209, -0.472907, 0.127525, 0.965913, 0.258867, 0.000008, -0.215084, 0.802561, -0.556449, -0.144053, 0.537479, 0.830882),
 ["RightUpperLeg"] = CFrame.new(0.000000, 0.000000, 0.000000, 0.703068, -0.711122, 0.000000, 0.139732, 0.138149, 0.980505, -0.697259, -0.689362, 0.196495),
 ["UpperTorso"] = CFrame.new(0.000000, 0.000000, 0.000000, 1.000000, 0.000000, 0.000000, 0.000000, 1.000000, 0.000000, 0.000000, 0.000000, 1.000000),
 }},
 {Time = 0.333, Data = {
 ["HumanoidRootPart"] = CFrame.new(0.000000, 0.000000, 0.000000, 1.000000, 0.000000, 0.000000, 0.000000, 1.000000, 0.000000, 0.000000, 0.000000, 1.000000),
 ["LeftUpperArm"] = CFrame.new(0.242108, -0.722700, -0.757959, -0.999735, 0.023041, 0.000000, -0.023041, -0.999735, 0.000000, 0.000000, 0.000000, 1.000000),
 ["LowerTorso"] = CFrame.new(0.000000, 0.000000, 0.000000, 1.000000, 0.000000, 0.000000, 0.000000, 1.000000, 0.000000, 0.000000, 0.000000, 1.000000),
 ["RightHand"] = CFrame.new(0.000000, 0.200179, 0.000000, 1.000000, 0.000000, 0.000000, 0.000000, 1.000000, 0.000000, 0.000000, 0.000000, 1.000000),
 ["RightLowerArm"] = CFrame.new(0.199464, 0.110582, 0.000000, 0.484868, 0.874588, 0.000000, -0.874588, 0.484868, 0.000000, 0.000000, 0.000000, 1.000000),
 ["RightUpperArm"] = CFrame.new(-0.053405, -0.101196, 0.134449, 0.965911, 0.237204, -0.103680, -0.215088, 0.512487, -0.831321, -0.144058, 0.825282, 0.546037),
 ["UpperTorso"] = CFrame.new(0.000000, 0.000000, 0.000000, 1.000000, 0.000000, 0.000000, 0.000000, 1.000000, 0.000000, 0.000000, 0.000000, 1.000000),
 }},
 {Time = 0.667, Data = {
 ["Head"] = CFrame.new(0.000000, 0.000000, 0.000000, 1.000000, 0.000000, 0.000000, 0.000000, 0.575296, 0.817945, 0.000000, -0.817945, 0.575296),
 ["HumanoidRootPart"] = CFrame.new(0.000000, 0.000000, 0.000000, 1.000000, 0.000000, 0.000000, 0.000000, 1.000000, 0.000000, 0.000000, 0.000000, 1.000000),
 ["LeftLowerLeg"] = CFrame.new(0.000000, 0.000000, 0.000000, 1.000000, 0.000000, 0.000000, 0.000000, 0.676988, 0.735994, 0.000000, -0.735994, 0.676988),
 ["LeftUpperArm"] = CFrame.new(0.267359, -1.818293, -0.757931, -0.999735, 0.023041, 0.000000, -0.023041, -0.999735, 0.000000, 0.000000, 0.000000, 1.000000),
 ["LeftUpperLeg"] = CFrame.new(0.000000, 0.000001, 0.000000, 0.855566, 0.508140, -0.098999, -0.054406, 0.278426, 0.958915, 0.514827, -0.815029, 0.265858),
 ["LowerTorso"] = CFrame.new(0.000000, -1.588279, 0.000000, 1.000000, 0.000000, 0.000000, 0.000000, 1.000000, 0.000000, 0.000000, 0.000000, 1.000000),
 ["RightHand"] = CFrame.new(0.000000, 0.000000, 0.000000, 1.000000, 0.000000, 0.000000, 0.000000, 1.000000, 0.000000, 0.000000, 0.000000, 1.000000),
 ["RightLowerArm"] = CFrame.new(0.000000, 0.000000, 0.000000, 1.000000, 0.000000, 0.000000, 0.000000, 1.000000, 0.000000, 0.000000, 0.000000, 1.000000),
 ["RightLowerLeg"] = CFrame.new(0.000000, 0.000000, 0.000000, 1.000000, 0.000000, 0.000000, 0.000000, 0.905652, 0.424022, 0.000000, -0.424022, 0.905652),
 ["RightUpperArm"] = CFrame.new(-0.137209, -0.472907, 0.127525, 0.965913, 0.258867, 0.000008, -0.215084, 0.802561, -0.556449, -0.144053, 0.537479, 0.830882),
 ["RightUpperLeg"] = CFrame.new(0.000000, 0.000000, 0.000000, 0.703068, -0.711122, 0.000000, 0.139732, 0.138149, 0.980505, -0.697259, -0.689362, 0.196495),
 ["UpperTorso"] = CFrame.new(0.000000, 0.000000, 0.000000, 1.000000, 0.000000, 0.000000, 0.000000, 1.000000, 0.000000, 0.000000, 0.000000, 1.000000),
 }},
 {Time = 1.000, Data = {
 ["HumanoidRootPart"] = CFrame.new(0.000000, 0.000000, 0.000000, 1.000000, 0.000000, 0.000000, 0.000000, 1.000000, 0.000000, 0.000000, 0.000000, 1.000000),
 ["LeftUpperArm"] = CFrame.new(0.242108, -0.722700, -0.757959, -0.999735, 0.023041, 0.000000, -0.023041, -0.999735, 0.000000, 0.000000, 0.000000, 1.000000),
 ["LowerTorso"] = CFrame.new(0.000000, 0.000000, 0.000000, 1.000000, 0.000000, 0.000000, 0.000000, 1.000000, 0.000000, 0.000000, 0.000000, 1.000000),
 ["RightHand"] = CFrame.new(0.000000, 0.200179, 0.000000, 1.000000, 0.000000, 0.000000, 0.000000, 1.000000, 0.000000, 0.000000, 0.000000, 1.000000),
 ["RightLowerArm"] = CFrame.new(0.199464, 0.110582, 0.000000, 0.484868, 0.874588, 0.000000, -0.874588, 0.484868, 0.000000, 0.000000, 0.000000, 1.000000),
 ["RightUpperArm"] = CFrame.new(-0.053405, -0.101196, 0.134449, 0.965911, 0.237204, -0.103680, -0.215088, 0.512487, -0.831321, -0.144058, 0.825282, 0.546037),
 ["UpperTorso"] = CFrame.new(0.000000, 0.000000, 0.000000, 1.000000, 0.000000, 0.000000, 0.000000, 1.000000, 0.000000, 0.000000, 0.000000, 1.000000),
 }},
 {Time = 1.333, Data = {
 ["Head"] = CFrame.new(0.000000, 0.000000, 0.000000, 1.000000, 0.000000, 0.000000, 0.000000, 0.575296, 0.817945, 0.000000, -0.817945, 0.575296),
 ["HumanoidRootPart"] = CFrame.new(0.000000, 0.000000, 0.000000, 1.000000, 0.000000, 0.000000, 0.000000, 1.000000, 0.000000, 0.000000, 0.000000, 1.000000),
 ["LeftLowerLeg"] = CFrame.new(0.000000, 0.000000, 0.000000, 1.000000, 0.000000, 0.000000, 0.000000, 0.676988, 0.735994, 0.000000, -0.735994, 0.676988),
 ["LeftUpperArm"] = CFrame.new(0.267359, -1.818293, -0.757931, -0.999735, 0.023041, 0.000000, -0.023041, -0.999735, 0.000000, 0.000000, 0.000000, 1.000000),
 ["LeftUpperLeg"] = CFrame.new(0.000000, 0.000001, 0.000000, 0.855566, 0.508140, -0.098999, -0.054406, 0.278426, 0.958915, 0.514827, -0.815029, 0.265858),
 ["LowerTorso"] = CFrame.new(0.000000, -1.588279, 0.000000, 1.000000, 0.000000, 0.000000, 0.000000, 1.000000, 0.000000, 0.000000, 0.000000, 1.000000),
 ["RightHand"] = CFrame.new(0.000000, 0.000000, 0.000000, 1.000000, 0.000000, 0.000000, 0.000000, 1.000000, 0.000000, 0.000000, 0.000000, 1.000000),
 ["RightLowerArm"] = CFrame.new(0.000000, 0.000000, 0.000000, 1.000000, 0.000000, 0.000000, 0.000000, 1.000000, 0.000000, 0.000000, 0.000000, 1.000000),
 ["RightLowerLeg"] = CFrame.new(0.000000, 0.000000, 0.000000, 1.000000, 0.000000, 0.000000, 0.000000, 0.905652, 0.424022, 0.000000, -0.424022, 0.905652),
 ["RightUpperArm"] = CFrame.new(-0.137209, -0.472907, 0.127525, 0.965913, 0.258867, 0.000008, -0.215084, 0.802561, -0.556449, -0.144053, 0.537479, 0.830882),
 ["RightUpperLeg"] = CFrame.new(0.000000, 0.000000, 0.000000, 0.703068, -0.711122, 0.000000, 0.139732, 0.138149, 0.980505, -0.697259, -0.689362, 0.196495),
 ["UpperTorso"] = CFrame.new(0.000000, 0.000000, 0.000000, 1.000000, 0.000000, 0.000000, 0.000000, 1.000000, 0.000000, 0.000000, 0.000000, 1.000000),
 }},
 {Time = 1.667, Data = {
 ["HumanoidRootPart"] = CFrame.new(0.000000, 0.000000, 0.000000, 1.000000, 0.000000, 0.000000, 0.000000, 1.000000, 0.000000, 0.000000, 0.000000, 1.000000),
 ["LeftUpperArm"] = CFrame.new(0.242108, -0.722700, -0.757959, -0.999735, 0.023041, 0.000000, -0.023041, -0.999735, 0.000000, 0.000000, 0.000000, 1.000000),
 ["LowerTorso"] = CFrame.new(0.000000, 0.000000, 0.000000, 1.000000, 0.000000, 0.000000, 0.000000, 1.000000, 0.000000, 0.000000, 0.000000, 1.000000),
 ["RightHand"] = CFrame.new(0.000000, 0.200179, 0.000000, 1.000000, 0.000000, 0.000000, 0.000000, 1.000000, 0.000000, 0.000000, 0.000000, 1.000000),
 ["RightLowerArm"] = CFrame.new(0.199464, 0.110582, 0.000000, 0.484868, 0.874588, 0.000000, -0.874588, 0.484868, 0.000000, 0.000000, 0.000000, 1.000000),
 ["RightUpperArm"] = CFrame.new(-0.053405, -0.101196, 0.134449, 0.965911, 0.237204, -0.103680, -0.215088, 0.512487, -0.831321, -0.144058, 0.825282, 0.546037),
 ["UpperTorso"] = CFrame.new(0.000000, 0.000000, 0.000000, 1.000000, 0.000000, 0.000000, 0.000000, 1.000000, 0.000000, 0.000000, 0.000000, 1.000000),
 }},
 {Time = 2.000, Data = {
 ["Head"] = CFrame.new(0.000000, 0.000000, 0.000000, 1.000000, 0.000000, 0.000000, 0.000000, 0.575296, 0.817945, 0.000000, -0.817945, 0.575296),
 ["HumanoidRootPart"] = CFrame.new(0.000000, 0.000000, 0.000000, 1.000000, 0.000000, 0.000000, 0.000000, 1.000000, 0.000000, 0.000000, 0.000000, 1.000000),
 ["LeftLowerLeg"] = CFrame.new(0.000000, 0.000000, 0.000000, 1.000000, 0.000000, 0.000000, 0.000000, 0.676988, 0.735994, 0.000000, -0.735994, 0.676988),
 ["LeftUpperArm"] = CFrame.new(0.267359, -1.818293, -0.757931, -0.999735, 0.023041, 0.000000, -0.023041, -0.999735, 0.000000, 0.000000, 0.000000, 1.000000),
 ["LeftUpperLeg"] = CFrame.new(0.000000, 0.000001, 0.000000, 0.855566, 0.508140, -0.098999, -0.054406, 0.278426, 0.958915, 0.514827, -0.815029, 0.265858),
 ["LowerTorso"] = CFrame.new(0.000000, -1.588279, 0.000000, 1.000000, 0.000000, 0.000000, 0.000000, 1.000000, 0.000000, 0.000000, 0.000000, 1.000000),
 ["RightHand"] = CFrame.new(0.000000, 0.000000, 0.000000, 1.000000, 0.000000, 0.000000, 0.000000, 1.000000, 0.000000, 0.000000, 0.000000, 1.000000),
 ["RightLowerArm"] = CFrame.new(0.000000, 0.000000, 0.000000, 1.000000, 0.000000, 0.000000, 0.000000, 1.000000, 0.000000, 0.000000, 0.000000, 1.000000),
 ["RightLowerLeg"] = CFrame.new(0.000000, 0.000000, 0.000000, 1.000000, 0.000000, 0.000000, 0.000000, 0.905652, 0.424022, 0.000000, -0.424022, 0.905652),
 ["RightUpperArm"] = CFrame.new(-0.137209, -0.472907, 0.127525, 0.965913, 0.258867, 0.000008, -0.215084, 0.802561, -0.556449, -0.144053, 0.537479, 0.830882),
 ["RightUpperLeg"] = CFrame.new(0.000000, 0.000000, 0.000000, 0.703068, -0.711122, 0.000000, 0.139732, 0.138149, 0.980505, -0.697259, -0.689362, 0.196495),
 ["UpperTorso"] = CFrame.new(0.000000, 0.000000, 0.000000, 1.000000, 0.000000, 0.000000, 0.000000, 1.000000, 0.000000, 0.000000, 0.000000, 1.000000),
 }},
 {Time = 2.333, Data = {
 ["HumanoidRootPart"] = CFrame.new(0.000000, 0.000000, 0.000000, 1.000000, 0.000000, 0.000000, 0.000000, 1.000000, 0.000000, 0.000000, 0.000000, 1.000000),
 ["LeftUpperArm"] = CFrame.new(0.242108, -0.722700, -0.757959, -0.999735, 0.023041, 0.000000, -0.023041, -0.999735, 0.000000, 0.000000, 0.000000, 1.000000),
 ["LowerTorso"] = CFrame.new(0.000000, 0.000000, 0.000000, 1.000000, 0.000000, 0.000000, 0.000000, 1.000000, 0.000000, 0.000000, 0.000000, 1.000000),
 ["RightHand"] = CFrame.new(0.000000, 0.200179, 0.000000, 1.000000, 0.000000, 0.000000, 0.000000, 1.000000, 0.000000, 0.000000, 0.000000, 1.000000),
 ["RightLowerArm"] = CFrame.new(0.199464, 0.110582, 0.000000, 0.484868, 0.874588, 0.000000, -0.874588, 0.484868, 0.000000, 0.000000, 0.000000, 1.000000),
 ["RightUpperArm"] = CFrame.new(-0.053405, -0.101196, 0.134449, 0.965911, 0.237204, -0.103680, -0.215088, 0.512487, -0.831321, -0.144058, 0.825282, 0.546037),
 ["UpperTorso"] = CFrame.new(0.000000, 0.000000, 0.000000, 1.000000, 0.000000, 0.000000, 0.000000, 1.000000, 0.000000, 0.000000, 0.000000, 1.000000),
 }},
 {Time = 2.667, Data = {
 ["Head"] = CFrame.new(0.000000, 0.000000, 0.000000, 1.000000, 0.000000, 0.000000, 0.000000, 0.575296, 0.817945, 0.000000, -0.817945, 0.575296),
 ["HumanoidRootPart"] = CFrame.new(0.000000, 0.000000, 0.000000, 1.000000, 0.000000, 0.000000, 0.000000, 1.000000, 0.000000, 0.000000, 0.000000, 1.000000),
 ["LeftLowerLeg"] = CFrame.new(0.000000, 0.000000, 0.000000, 1.000000, 0.000000, 0.000000, 0.000000, 0.676988, 0.735994, 0.000000, -0.735994, 0.676988),
 ["LeftUpperArm"] = CFrame.new(0.267359, -1.818293, -0.757931, -0.999735, 0.023041, 0.000000, -0.023041, -0.999735, 0.000000, 0.000000, 0.000000, 1.000000),
 ["LeftUpperLeg"] = CFrame.new(0.000000, 0.000001, 0.000000, 0.855566, 0.508140, -0.098999, -0.054406, 0.278426, 0.958915, 0.514827, -0.815029, 0.265858),
 ["LowerTorso"] = CFrame.new(0.000000, -1.588279, 0.000000, 1.000000, 0.000000, 0.000000, 0.000000, 1.000000, 0.000000, 0.000000, 0.000000, 1.000000),
 ["RightHand"] = CFrame.new(0.000000, 0.000000, 0.000000, 1.000000, 0.000000, 0.000000, 0.000000, 1.000000, 0.000000, 0.000000, 0.000000, 1.000000),
 ["RightLowerArm"] = CFrame.new(0.000000, 0.000000, 0.000000, 1.000000, 0.000000, 0.000000, 0.000000, 1.000000, 0.000000, 0.000000, 0.000000, 1.000000),
 ["RightLowerLeg"] = CFrame.new(0.000000, 0.000000, 0.000000, 1.000000, 0.000000, 0.000000, 0.000000, 0.905652, 0.424022, 0.000000, -0.424022, 0.905652),
 ["RightUpperArm"] = CFrame.new(-0.137209, -0.472907, 0.127525, 0.965913, 0.258867, 0.000008, -0.215084, 0.802561, -0.556449, -0.144053, 0.537479, 0.830882),
 ["RightUpperLeg"] = CFrame.new(0.000000, 0.000000, 0.000000, 0.703068, -0.711122, 0.000000, 0.139732, 0.138149, 0.980505, -0.697259, -0.689362, 0.196495),
 ["UpperTorso"] = CFrame.new(0.000000, 0.000000, 0.000000, 1.000000, 0.000000, 0.000000, 0.000000, 1.000000, 0.000000, 0.000000, 0.000000, 1.000000),
 }},
 {Time = 3.000, Data = {
 ["HumanoidRootPart"] = CFrame.new(0.000000, 0.000000, 0.000000, 1.000000, 0.000000, 0.000000, 0.000000, 1.000000, 0.000000, 0.000000, 0.000000, 1.000000),
 ["LeftUpperArm"] = CFrame.new(0.242108, -0.722700, -0.757959, -0.999735, 0.023041, 0.000000, -0.023041, -0.999735, 0.000000, 0.000000, 0.000000, 1.000000),
 ["LowerTorso"] = CFrame.new(0.000000, 0.000000, 0.000000, 1.000000, 0.000000, 0.000000, 0.000000, 1.000000, 0.000000, 0.000000, 0.000000, 1.000000),
 ["RightHand"] = CFrame.new(0.000000, 0.200179, 0.000000, 1.000000, 0.000000, 0.000000, 0.000000, 1.000000, 0.000000, 0.000000, 0.000000, 1.000000),
 ["RightLowerArm"] = CFrame.new(0.199464, 0.110582, 0.000000, 0.484868, 0.874588, 0.000000, -0.874588, 0.484868, 0.000000, 0.000000, 0.000000, 1.000000),
 ["RightUpperArm"] = CFrame.new(-0.053405, -0.101196, 0.134449, 0.965911, 0.237204, -0.103680, -0.215088, 0.512487, -0.831321, -0.144058, 0.825282, 0.546037),
 ["UpperTorso"] = CFrame.new(0.000000, 0.000000, 0.000000, 1.000000, 0.000000, 0.000000, 0.000000, 1.000000, 0.000000, 0.000000, 0.000000, 1.000000),
 }},
 {Time = 3.333, Data = {
 ["Head"] = CFrame.new(0.000000, 0.000000, 0.000000, 1.000000, 0.000000, 0.000000, 0.000000, 0.575296, 0.817945, 0.000000, -0.817945, 0.575296),
 ["HumanoidRootPart"] = CFrame.new(0.000000, 0.000000, 0.000000, 1.000000, 0.000000, 0.000000, 0.000000, 1.000000, 0.000000, 0.000000, 0.000000, 1.000000),
 ["LeftLowerLeg"] = CFrame.new(0.000000, 0.000000, 0.000000, 1.000000, 0.000000, 0.000000, 0.000000, 0.676988, 0.735994, 0.000000, -0.735994, 0.676988),
 ["LeftUpperArm"] = CFrame.new(0.267359, -1.818293, -0.757931, -0.999735, 0.023041, 0.000000, -0.023041, -0.999735, 0.000000, 0.000000, 0.000000, 1.000000),
 ["LeftUpperLeg"] = CFrame.new(0.000000, 0.000001, 0.000000, 0.855566, 0.508140, -0.098999, -0.054406, 0.278426, 0.958915, 0.514827, -0.815029, 0.265858),
 ["LowerTorso"] = CFrame.new(0.000000, -1.588279, 0.000000, 1.000000, 0.000000, 0.000000, 0.000000, 1.000000, 0.000000, 0.000000, 0.000000, 1.000000),
 ["RightHand"] = CFrame.new(0.000000, 0.000000, 0.000000, 1.000000, 0.000000, 0.000000, 0.000000, 1.000000, 0.000000, 0.000000, 0.000000, 1.000000),
 ["RightLowerArm"] = CFrame.new(0.000000, 0.000000, 0.000000, 1.000000, 0.000000, 0.000000, 0.000000, 1.000000, 0.000000, 0.000000, 0.000000, 1.000000),
 ["RightLowerLeg"] = CFrame.new(0.000000, 0.000000, 0.000000, 1.000000, 0.000000, 0.000000, 0.000000, 0.905652, 0.424022, 0.000000, -0.424022, 0.905652),
 ["RightUpperArm"] = CFrame.new(-0.137209, -0.472907, 0.127525, 0.965913, 0.258867, 0.000008, -0.215084, 0.802561, -0.556449, -0.144053, 0.537479, 0.830882),
 ["RightUpperLeg"] = CFrame.new(0.000000, 0.000000, 0.000000, 0.703068, -0.711122, 0.000000, 0.139732, 0.138149, 0.980505, -0.697259, -0.689362, 0.196495),
 ["UpperTorso"] = CFrame.new(0.000000, 0.000000, 0.000000, 1.000000, 0.000000, 0.000000, 0.000000, 1.000000, 0.000000, 0.000000, 0.000000, 1.000000),
 }},
 {Time = 3.667, Data = {
 ["HumanoidRootPart"] = CFrame.new(0.000000, 0.000000, 0.000000, 1.000000, 0.000000, 0.000000, 0.000000, 1.000000, 0.000000, 0.000000, 0.000000, 1.000000),
 ["LeftUpperArm"] = CFrame.new(0.242108, -0.722700, -0.757959, -0.999735, 0.023041, 0.000000, -0.023041, -0.999735, 0.000000, 0.000000, 0.000000, 1.000000),
 ["LowerTorso"] = CFrame.new(0.000000, 0.000000, 0.000000, 1.000000, 0.000000, 0.000000, 0.000000, 1.000000, 0.000000, 0.000000, 0.000000, 1.000000),
 ["RightHand"] = CFrame.new(0.000000, 0.200179, 0.000000, 1.000000, 0.000000, 0.000000, 0.000000, 1.000000, 0.000000, 0.000000, 0.000000, 1.000000),
 ["RightLowerArm"] = CFrame.new(0.199464, 0.110582, 0.000000, 0.484868, 0.874588, 0.000000, -0.874588, 0.484868, 0.000000, 0.000000, 0.000000, 1.000000),
 ["RightUpperArm"] = CFrame.new(-0.053405, -0.101196, 0.134449, 0.965911, 0.237204, -0.103680, -0.215088, 0.512487, -0.831321, -0.144058, 0.825282, 0.546037),
 ["UpperTorso"] = CFrame.new(0.000000, 0.000000, 0.000000, 1.000000, 0.000000, 0.000000, 0.000000, 1.000000, 0.000000, 0.000000, 0.000000, 1.000000),
 }},
 {Time = 4.000, Data = {
 ["Head"] = CFrame.new(0.000000, 0.000000, 0.000000, 1.000000, 0.000000, 0.000000, 0.000000, 0.575296, 0.817945, 0.000000, -0.817945, 0.575296),
 ["HumanoidRootPart"] = CFrame.new(0.000000, 0.000000, 0.000000, 1.000000, 0.000000, 0.000000, 0.000000, 1.000000, 0.000000, 0.000000, 0.000000, 1.000000),
 ["LeftLowerLeg"] = CFrame.new(0.000000, 0.000000, 0.000000, 1.000000, 0.000000, 0.000000, 0.000000, 0.676988, 0.735994, 0.000000, -0.735994, 0.676988),
 ["LeftUpperArm"] = CFrame.new(0.267359, -1.818293, -0.757931, -0.999735, 0.023041, 0.000000, -0.023041, -0.999735, 0.000000, 0.000000, 0.000000, 1.000000),
 ["LeftUpperLeg"] = CFrame.new(0.000000, 0.000001, 0.000000, 0.855566, 0.508140, -0.098999, -0.054406, 0.278426, 0.958915, 0.514827, -0.815029, 0.265858),
 ["LowerTorso"] = CFrame.new(0.000000, -1.588279, 0.000000, 1.000000, 0.000000, 0.000000, 0.000000, 1.000000, 0.000000, 0.000000, 0.000000, 1.000000),
 ["RightHand"] = CFrame.new(0.000000, 0.000000, 0.000000, 1.000000, 0.000000, 0.000000, 0.000000, 1.000000, 0.000000, 0.000000, 0.000000, 1.000000),
 ["RightLowerArm"] = CFrame.new(0.000000, 0.000000, 0.000000, 1.000000, 0.000000, 0.000000, 0.000000, 1.000000, 0.000000, 0.000000, 0.000000, 1.000000),
 ["RightLowerLeg"] = CFrame.new(0.000000, 0.000000, 0.000000, 1.000000, 0.000000, 0.000000, 0.000000, 0.905652, 0.424022, 0.000000, -0.424022, 0.905652),
 ["RightUpperArm"] = CFrame.new(-0.137209, -0.472907, 0.127525, 0.965913, 0.258867, 0.000008, -0.215084, 0.802561, -0.556449, -0.144053, 0.537479, 0.830882),
 ["RightUpperLeg"] = CFrame.new(0.000000, 0.000000, 0.000000, 0.703068, -0.711122, 0.000000, 0.139732, 0.138149, 0.980505, -0.697259, -0.689362, 0.196495),
 ["UpperTorso"] = CFrame.new(0.000000, 0.000000, 0.000000, 1.000000, 0.000000, 0.000000, 0.000000, 1.000000, 0.000000, 0.000000, 0.000000, 1.000000),
 }},
 {Time = 4.333, Data = {
 ["HumanoidRootPart"] = CFrame.new(0.000000, 0.000000, 0.000000, 1.000000, 0.000000, 0.000000, 0.000000, 1.000000, 0.000000, 0.000000, 0.000000, 1.000000),
 ["LeftUpperArm"] = CFrame.new(0.242108, -0.722700, -0.757959, -0.999735, 0.023041, 0.000000, -0.023041, -0.999735, 0.000000, 0.000000, 0.000000, 1.000000),
 ["LowerTorso"] = CFrame.new(0.000000, 0.000000, 0.000000, 1.000000, 0.000000, 0.000000, 0.000000, 1.000000, 0.000000, 0.000000, 0.000000, 1.000000),
 ["RightHand"] = CFrame.new(0.000000, 0.200179, 0.000000, 1.000000, 0.000000, 0.000000, 0.000000, 1.000000, 0.000000, 0.000000, 0.000000, 1.000000),
 ["RightLowerArm"] = CFrame.new(0.199464, 0.110582, 0.000000, 0.484868, 0.874588, 0.000000, -0.874588, 0.484868, 0.000000, 0.000000, 0.000000, 1.000000),
 ["RightUpperArm"] = CFrame.new(-0.053405, -0.101196, 0.134449, 0.965911, 0.237204, -0.103680, -0.215088, 0.512487, -0.831321, -0.144058, 0.825282, 0.546037),
 ["UpperTorso"] = CFrame.new(0.000000, 0.000000, 0.000000, 1.000000, 0.000000, 0.000000, 0.000000, 1.000000, 0.000000, 0.000000, 0.000000, 1.000000),
 }},
 {Time = 4.667, Data = {
 ["Head"] = CFrame.new(0.000000, 0.000000, 0.000000, 1.000000, 0.000000, 0.000000, 0.000000, 0.575296, 0.817945, 0.000000, -0.817945, 0.575296),
 ["HumanoidRootPart"] = CFrame.new(0.000000, 0.000000, 0.000000, 1.000000, 0.000000, 0.000000, 0.000000, 1.000000, 0.000000, 0.000000, 0.000000, 1.000000),
 ["LeftLowerLeg"] = CFrame.new(0.000000, 0.000000, 0.000000, 1.000000, 0.000000, 0.000000, 0.000000, 0.676988, 0.735994, 0.000000, -0.735994, 0.676988),
 ["LeftUpperArm"] = CFrame.new(0.267359, -1.818293, -0.757931, -0.999735, 0.023041, 0.000000, -0.023041, -0.999735, 0.000000, 0.000000, 0.000000, 1.000000),
 ["LeftUpperLeg"] = CFrame.new(0.000000, 0.000001, 0.000000, 0.855566, 0.508140, -0.098999, -0.054406, 0.278426, 0.958915, 0.514827, -0.815029, 0.265858),
 ["LowerTorso"] = CFrame.new(0.000000, -1.588279, 0.000000, 1.000000, 0.000000, 0.000000, 0.000000, 1.000000, 0.000000, 0.000000, 0.000000, 1.000000),
 ["RightHand"] = CFrame.new(0.000000, 0.000000, 0.000000, 1.000000, 0.000000, 0.000000, 0.000000, 1.000000, 0.000000, 0.000000, 0.000000, 1.000000),
 ["RightLowerArm"] = CFrame.new(0.000000, 0.000000, 0.000000, 1.000000, 0.000000, 0.000000, 0.000000, 1.000000, 0.000000, 0.000000, 0.000000, 1.000000),
 ["RightLowerLeg"] = CFrame.new(0.000000, 0.000000, 0.000000, 1.000000, 0.000000, 0.000000, 0.000000, 0.905652, 0.424022, 0.000000, -0.424022, 0.905652),
 ["RightUpperArm"] = CFrame.new(-0.137209, -0.472907, 0.127525, 0.965913, 0.258867, 0.000008, -0.215084, 0.802561, -0.556449, -0.144053, 0.537479, 0.830882),
 ["RightUpperLeg"] = CFrame.new(0.000000, 0.000000, 0.000000, 0.703068, -0.711122, 0.000000, 0.139732, 0.138149, 0.980505, -0.697259, -0.689362, 0.196495),
 ["UpperTorso"] = CFrame.new(0.000000, 0.000000, 0.000000, 1.000000, 0.000000, 0.000000, 0.000000, 1.000000, 0.000000, 0.000000, 0.000000, 1.000000),
 }},
 },
}
