return {
 ["anim_118883610776092"] = {
 {Time = 0.000, Data = {
 ["HumanoidRootPart"] = CFrame.new(0.000000, 0.000000, 0.000000, 1.000000, 0.000000, 0.000000, 0.000000, 1.000000, 0.000000, 0.000000, 0.000000, 1.000000),
 ["LeftLowerArm"] = CFrame.new(0.000000, -1.806061, 0.000000, 1.000000, 0.000000, 0.000000, 0.000000, 1.000000, 0.000000, 0.000000, 0.000000, 1.000000),
 ["LeftLowerLeg"] = CFrame.new(0.000000, 0.000000, 0.000000, 0.999999, 0.000000, 0.000000, 0.000000, 0.595530, 0.803332, 0.000000, -0.803332, 0.595530),
 ["LeftUpperArm"] = CFrame.new(0.000000, 0.000000, 0.000000, 1.000000, 0.000000, 0.000000, 0.000000, 0.062355, -0.998054, 0.000000, 0.998054, 0.062355),
 ["LeftUpperLeg"] = CFrame.new(0.000000, 0.000000, 0.000000, 1.000000, 0.000000, 0.000000, 0.000000, 0.000000, -1.000000, 0.000000, 1.000000, 0.000000),
 ["LowerTorso"] = CFrame.new(0.000000, 0.000000, -0.134380, 1.000000, 0.000000, 0.000000, 0.000000, 1.000000, 0.000000, 0.000000, 0.000000, 1.000000),
 ["RightHand"] = CFrame.new(0.000000, 0.000000, 0.000000, 1.000000, 0.000000, 0.000000, 0.000000, 1.000000, 0.000000, 0.000000, 0.000000, 1.000000),
 ["RightLowerArm"] = CFrame.new(0.000000, -1.747271, 0.000000, 1.000000, 0.000000, 0.000000, 0.000000, 1.000000, 0.000000, 0.000000, 0.000000, 1.000000),
 ["RightLowerLeg"] = CFrame.new(0.000000, 0.000000, 0.000000, 1.000000, 0.000000, 0.000000, 0.000000, 0.864536, 0.502571, 0.000000, -0.502571, 0.864536),
 ["RightUpperArm"] = CFrame.new(0.000000, 0.000000, 0.000000, 1.000000, 0.000000, 0.000000, 0.000000, 0.152373, 0.988323, 0.000000, -0.988323, 0.152373),
 ["RightUpperLeg"] = CFrame.new(0.000000, 0.000000, 0.000000, 1.000000, 0.000000, 0.000000, 0.000000, 0.708113, 0.706099, 0.000000, -0.706099, 0.708113),
 ["UpperTorso"] = CFrame.new(-0.000017, 0.186661, 6.586559, 1.000000, 0.000000, 0.000000, 0.000000, 0.936036, -0.351905, 0.000000, 0.351905, 0.936036),
 }},
 {Time = 1.000, Data = {
 ["HumanoidRootPart"] = CFrame.new(0.000000, 0.000000, 0.000000, 1.000000, 0.000000, 0.000000, 0.000000, 1.000000, 0.000000, 0.000000, 0.000000, 1.000000),
 ["LeftLowerArm"] = CFrame.new(0.000000, -0.999210, 0.000000, 1.000000, 0.000000, 0.000000, 0.000000, 1.000000, 0.000000, 0.000000, 0.000000, 1.000000),
 ["LeftUpperArm"] = CFrame.new(0.000000, 0.000000, 0.000000, 1.000000, 0.000000, 0.000000, 0.000000, 0.341067, 0.940039, 0.000000, -0.940039, 0.341067),
 ["LeftUpperLeg"] = CFrame.new(0.000000, 0.000000, 0.000000, 0.999999, 0.000000, 0.000000, 0.000000, 0.903815, 0.427924, 0.000000, -0.427924, 0.903815),
 ["LowerTorso"] = CFrame.new(0.000000, 0.000000, 0.000000, 1.000000, 0.000000, 0.000000, 0.000000, 1.000000, 0.000000, 0.000000, 0.000000, 1.000000),
 ["RightHand"] = CFrame.new(0.000000, 0.019568, 0.000000, 1.000000, 0.000000, 0.000000, 0.000000, 1.000000, 0.000000, 0.000000, 0.000000, 1.000000),
 ["RightLowerArm"] = CFrame.new(0.000000, -1.278267, 0.000000, 1.000000, 0.000000, 0.000000, 0.000000, 1.000000, 0.000000, 0.000000, 0.000000, 1.000000),
 ["RightUpperArm"] = CFrame.new(0.000000, 0.000000, 0.000000, 1.000000, 0.000000, 0.000000, 0.000000, -0.091262, -0.995827, 0.000000, 0.995827, -0.091262),
 ["RightUpperLeg"] = CFrame.new(0.000000, 0.000000, 0.000000, 1.000000, 0.000000, 0.000000, 0.000000, -0.642668, -0.766145, 0.000000, 0.766145, -0.642668),
 ["UpperTorso"] = CFrame.new(-0.000018, 4.309318, -7.255048, 1.000000, 0.000000, 0.000000, 0.000000, 0.936043, -0.351886, 0.000000, 0.351886, 0.936043),
 }},
 {Time = 2.000, Data = {
 ["HumanoidRootPart"] = CFrame.new(0.000000, 0.000000, 0.000000, 1.000000, 0.000000, 0.000000, 0.000000, 1.000000, 0.000000, 0.000000, 0.000000, 1.000000),
 ["LeftLowerArm"] = CFrame.new(0.000000, -1.806061, 0.000000, 1.000000, 0.000000, 0.000000, 0.000000, 1.000000, 0.000000, 0.000000, 0.000000, 1.000000),
 ["LeftLowerLeg"] = CFrame.new(0.000000, 0.000000, 0.000000, 0.999999, 0.000000, 0.000000, 0.000000, 0.595530, 0.803332, 0.000000, -0.803332, 0.595530),
 ["LeftUpperArm"] = CFrame.new(0.000000, 0.000000, 0.000000, 1.000000, 0.000000, 0.000000, 0.000000, 0.062355, -0.998054, 0.000000, 0.998054, 0.062355),
 ["LeftUpperLeg"] = CFrame.new(0.000000, 0.000000, 0.000000, 1.000000, 0.000000, 0.000000, 0.000000, 0.000000, -1.000000, 0.000000, 1.000000, 0.000000),
 ["LowerTorso"] = CFrame.new(0.000000, 0.000000, -0.134380, 1.000000, 0.000000, 0.000000, 0.000000, 1.000000, 0.000000, 0.000000, 0.000000, 1.000000),
 ["RightHand"] = CFrame.new(0.000000, 0.000000, 0.000000, 1.000000, 0.000000, 0.000000, 0.000000, 1.000000, 0.000000, 0.000000, 0.000000, 1.000000),
 ["RightLowerArm"] = CFrame.new(0.000000, -1.747271, 0.000000, 1.000000, 0.000000, 0.000000, 0.000000, 1.000000, 0.000000, 0.000000, 0.000000, 1.000000),
 ["RightLowerLeg"] = CFrame.new(0.000000, 0.000000, 0.000000, 1.000000, 0.000000, 0.000000, 0.000000, 0.864536, 0.502571, 0.000000, -0.502571, 0.864536),
 ["RightUpperArm"] = CFrame.new(0.000000, 0.000000, 0.000000, 1.000000, 0.000000, 0.000000, 0.000000, 0.152373, 0.988323, 0.000000, -0.988323, 0.152373),
 ["RightUpperLeg"] = CFrame.new(0.000000, 0.000000, 0.000000, 1.000000, 0.000000, 0.000000, 0.000000, 0.708113, 0.706099, 0.000000, -0.706099, 0.708113),
 ["UpperTorso"] = CFrame.new(-0.000017, 1.349956, 9.012012, 1.000000, 0.000000, 0.000000, 0.000000, 0.936032, -0.351914, 0.000000, 0.351914, 0.936032),
 }},
 {Time = 3.000, Data = {
 ["HumanoidRootPart"] = CFrame.new(0.000000, 0.000000, 0.000000, 1.000000, 0.000000, 0.000000, 0.000000, 1.000000, 0.000000, 0.000000, 0.000000, 1.000000),
 ["LeftLowerArm"] = CFrame.new(0.000000, -0.999210, 0.000000, 1.000000, 0.000000, 0.000000, 0.000000, 1.000000, 0.000000, 0.000000, 0.000000, 1.000000),
 ["LeftUpperArm"] = CFrame.new(0.000000, 0.000000, 0.000000, 1.000000, 0.000000, 0.000000, 0.000000, 0.341067, 0.940039, 0.000000, -0.940039, 0.341067),
 ["LeftUpperLeg"] = CFrame.new(0.000000, 0.000000, 0.000000, 0.999999, 0.000000, 0.000000, 0.000000, 0.903815, 0.427924, 0.000000, -0.427924, 0.903815),
 ["LowerTorso"] = CFrame.new(0.000000, 0.000000, 0.000000, 1.000000, 0.000000, 0.000000, 0.000000, 1.000000, 0.000000, 0.000000, 0.000000, 1.000000),
 ["RightHand"] = CFrame.new(0.000000, 0.019568, 0.000000, 1.000000, 0.000000, 0.000000, 0.000000, 1.000000, 0.000000, 0.000000, 0.000000, 1.000000),
 ["RightLowerArm"] = CFrame.new(0.000000, -1.278267, 0.000000, 1.000000, 0.000000, 0.000000, 0.000000, 1.000000, 0.000000, 0.000000, 0.000000, 1.000000),
 ["RightUpperArm"] = CFrame.new(0.000000, 0.000000, 0.000000, 1.000000, 0.000000, 0.000000, 0.000000, -0.091262, -0.995827, 0.000000, 0.995827, -0.091262),
 ["RightUpperLeg"] = CFrame.new(0.000000, 0.000000, 0.000000, 1.000000, 0.000000, 0.000000, 0.000000, -0.642668, -0.766145, 0.000000, 0.766145, -0.642668),
 ["UpperTorso"] = CFrame.new(-0.000018, 6.071792, -8.258657, 1.000000, 0.000000, 0.000000, 0.000000, 0.936043, -0.351886, 0.000000, 0.351886, 0.936043),
 }},
 {Time = 3.667, Data = {
 ["HumanoidRootPart"] = CFrame.new(0.000000, 0.000000, 0.000000, 1.000000, 0.000000, 0.000000, 0.000000, 1.000000, 0.000000, 0.000000, 0.000000, 1.000000),
 ["LeftLowerArm"] = CFrame.new(0.000000, -1.806061, 0.000000, 1.000000, 0.000000, 0.000000, 0.000000, 1.000000, 0.000000, 0.000000, 0.000000, 1.000000),
 ["LeftLowerLeg"] = CFrame.new(0.000000, 0.000000, 0.000000, 0.999999, 0.000000, 0.000000, 0.000000, 0.595530, 0.803332, 0.000000, -0.803332, 0.595530),
 ["LeftUpperArm"] = CFrame.new(0.000000, 0.000000, 0.000000, 1.000000, 0.000000, 0.000000, 0.000000, 0.062355, -0.998054, 0.000000, 0.998054, 0.062355),
 ["LeftUpperLeg"] = CFrame.new(0.000000, 0.000000, 0.000000, 1.000000, 0.000000, 0.000000, 0.000000, 0.000000, -1.000000, 0.000000, 1.000000, 0.000000),
 ["LowerTorso"] = CFrame.new(0.000000, 0.000000, -0.134380, 1.000000, 0.000000, 0.000000, 0.000000, 1.000000, 0.000000, 0.000000, 0.000000, 1.000000),
 ["RightHand"] = CFrame.new(0.000000, 0.000000, 0.000000, 1.000000, 0.000000, 0.000000, 0.000000, 1.000000, 0.000000, 0.000000, 0.000000, 1.000000),
 ["RightLowerArm"] = CFrame.new(0.000000, -1.747271, 0.000000, 1.000000, 0.000000, 0.000000, 0.000000, 1.000000, 0.000000, 0.000000, 0.000000, 1.000000),
 ["RightLowerLeg"] = CFrame.new(0.000000, 0.000000, 0.000000, 1.000000, 0.000000, 0.000000, 0.000000, 0.864536, 0.502571, 0.000000, -0.502571, 0.864536),
 ["RightUpperArm"] = CFrame.new(0.000000, 0.000000, 0.000000, 1.000000, 0.000000, 0.000000, 0.000000, 0.152373, 0.988323, 0.000000, -0.988323, 0.152373),
 ["RightUpperLeg"] = CFrame.new(0.000000, 0.000000, 0.000000, 1.000000, 0.000000, 0.000000, 0.000000, 0.708113, 0.706099, 0.000000, -0.706099, 0.708113),
 ["UpperTorso"] = CFrame.new(-0.000017, 1.365993, 8.198634, 1.000000, 0.000000, 0.000000, 0.000000, 0.936032, -0.351914, 0.000000, 0.351914, 0.936032),
 }},
 },
}
