return {
 ["low pat"] = {
 {Time = 0.000, Data = {
 ["HumanoidRootPart"] = CFrame.new(0.000000, 0.000000, 0.000000, 1.000000, 0.000000, 0.000000, 0.000000, 1.000000, 0.000000, 0.000000, 0.000000, 1.000000),
 ["LeftLowerArm"] = CFrame.new(0.000000, 0.000000, -0.000001, 0.729471, -0.684012, 0.000000, 0.684012, 0.729471, 0.000000, 0.000000, 0.000000, 1.000000),
 ["LeftUpperArm"] = CFrame.new(0.250000, 0.450000, -0.200000, 0.917411, -0.290235, -0.272249, -0.063290, 0.569021, -0.819884, 0.392874, 0.769402, 0.503657),
 ["LeftUpperLeg"] = CFrame.new(0.000001, 0.000000, 0.000000, 0.890127, 0.000000, 0.455713, 0.000000, 1.000000, 0.000000, -0.455713, 0.000000, 0.890127),
 ["LowerTorso"] = CFrame.new(0.000000, 0.000000, 0.000000, 1.000000, 0.000000, 0.000000, 0.000000, 1.000000, 0.000000, 0.000000, 0.000000, 1.000000),
 ["RightLowerArm"] = CFrame.new(0.000001, 0.000000, 0.000000, 0.859016, 0.511949, 0.000000, -0.511949, 0.859016, 0.000000, 0.000000, 0.000000, 1.000000),
 ["RightUpperArm"] = CFrame.new(0.000000, -0.246253, 0.000000, 1.000000, 0.000000, 0.000000, 0.000000, 1.000000, 0.000000, 0.000000, 0.000000, 1.000000),
 ["RightUpperLeg"] = CFrame.new(0.000000, 0.000000, 0.000000, 0.947659, 0.000000, -0.319285, 0.000000, 1.000000, 0.000000, 0.319285, 0.000000, 0.947659),
 ["UpperTorso"] = CFrame.new(0.000000, 0.000000, 0.000000, 1.000000, 0.000000, 0.000000, 0.000000, 1.000000, 0.000000, 0.000000, 0.000000, 1.000000),
 }},
 {Time = 0.333, Data = {
 ["HumanoidRootPart"] = CFrame.new(0.000000, 0.000000, 0.000000, 1.000000, 0.000000, 0.000000, 0.000000, 1.000000, 0.000000, 0.000000, 0.000000, 1.000000),
 ["LeftLowerArm"] = CFrame.new(-0.000007, 0.000003, -0.000017, 0.795656, -0.605748, -0.000001, 0.605748, 0.795656, -0.000025, 0.000016, 0.000019, 1.000000),
 ["LeftUpperArm"] = CFrame.new(0.250000, 0.450000, -0.200000, 0.845216, -0.456866, -0.277278, 0.070615, 0.609759, -0.789436, 0.529739, 0.647664, 0.547639),
 ["LeftUpperLeg"] = CFrame.new(0.000001, 0.000000, 0.000000, 0.890127, 0.000000, 0.455713, 0.000000, 1.000000, 0.000000, -0.455713, 0.000000, 0.890127),
 ["LowerTorso"] = CFrame.new(0.000000, 0.000000, 0.000000, 1.000000, 0.000000, 0.000000, 0.000000, 1.000000, 0.000000, 0.000000, 0.000000, 1.000000),
 ["RightLowerArm"] = CFrame.new(0.000001, 0.000000, 0.000000, 0.859016, 0.511949, 0.000000, -0.511949, 0.859016, 0.000000, 0.000000, 0.000000, 1.000000),
 ["RightUpperArm"] = CFrame.new(0.000000, -0.246253, 0.000000, 1.000000, 0.000000, 0.000000, 0.000000, 1.000000, 0.000000, 0.000000, 0.000000, 1.000000),
 ["RightUpperLeg"] = CFrame.new(0.000000, 0.000000, 0.000000, 0.947659, 0.000000, -0.319285, 0.000000, 1.000000, 0.000000, 0.319285, 0.000000, 0.947659),
 ["UpperTorso"] = CFrame.new(0.000000, 0.000000, 0.000000, 1.000000, 0.000000, 0.000000, 0.000000, 1.000000, 0.000000, 0.000000, 0.000000, 1.000000),
 }},
 {Time = 0.600, Data = {
 ["HumanoidRootPart"] = CFrame.new(0.000000, 0.000000, 0.000000, 1.000000, 0.000000, 0.000000, 0.000000, 1.000000, 0.000000, 0.000000, 0.000000, 1.000000),
 ["LeftLowerArm"] = CFrame.new(-0.000006, 0.000002, -0.000017, 0.998838, -0.048204, -0.000001, 0.048203, 0.998838, -0.000025, 0.000002, 0.000025, 1.000000),
 ["LeftUpperArm"] = CFrame.new(0.250000, 0.450000, -0.200000, 0.845216, -0.456866, -0.277278, 0.070615, 0.609759, -0.789436, 0.529739, 0.647664, 0.547639),
 ["LeftUpperLeg"] = CFrame.new(0.000001, 0.000000, 0.000000, 0.890127, 0.000000, 0.455713, 0.000000, 1.000000, 0.000000, -0.455713, 0.000000, 0.890127),
 ["LowerTorso"] = CFrame.new(0.000000, 0.000000, 0.000000, 1.000000, 0.000000, 0.000000, 0.000000, 1.000000, 0.000000, 0.000000, 0.000000, 1.000000),
 ["RightLowerArm"] = CFrame.new(0.000001, 0.000000, 0.000000, 0.859016, 0.511949, 0.000000, -0.511949, 0.859016, 0.000000, 0.000000, 0.000000, 1.000000),
 ["RightUpperArm"] = CFrame.new(0.000000, -0.246253, 0.000000, 1.000000, 0.000000, 0.000000, 0.000000, 1.000000, 0.000000, 0.000000, 0.000000, 1.000000),
 ["RightUpperLeg"] = CFrame.new(0.000000, 0.000000, 0.000000, 0.947659, 0.000000, -0.319285, 0.000000, 1.000000, 0.000000, 0.319285, 0.000000, 0.947659),
 ["UpperTorso"] = CFrame.new(0.000000, 0.000000, 0.000000, 1.000000, 0.000000, 0.000000, 0.000000, 1.000000, 0.000000, 0.000000, 0.000000, 1.000000),
 }},
 {Time = 0.800, Data = {
 ["HumanoidRootPart"] = CFrame.new(0.000000, 0.000000, 0.000000, 1.000000, 0.000000, 0.000000, 0.000000, 1.000000, 0.000000, 0.000000, 0.000000, 1.000000),
 ["LeftLowerArm"] = CFrame.new(-0.000007, 0.000003, -0.000017, 0.795656, -0.605748, -0.000001, 0.605748, 0.795656, -0.000025, 0.000016, 0.000019, 1.000000),
 ["LeftUpperArm"] = CFrame.new(0.250000, 0.450000, -0.200000, 0.917411, -0.290235, -0.272249, -0.063290, 0.569021, -0.819884, 0.392874, 0.769402, 0.503657),
 ["LeftUpperLeg"] = CFrame.new(0.000001, 0.000000, 0.000000, 0.890127, 0.000000, 0.455713, 0.000000, 1.000000, 0.000000, -0.455713, 0.000000, 0.890127),
 ["LowerTorso"] = CFrame.new(0.000000, 0.000000, 0.000000, 1.000000, 0.000000, 0.000000, 0.000000, 1.000000, 0.000000, 0.000000, 0.000000, 1.000000),
 ["RightLowerArm"] = CFrame.new(0.000001, 0.000000, 0.000000, 0.859016, 0.511949, 0.000000, -0.511949, 0.859016, 0.000000, 0.000000, 0.000000, 1.000000),
 ["RightUpperArm"] = CFrame.new(0.000000, -0.246253, 0.000000, 1.000000, 0.000000, 0.000000, 0.000000, 1.000000, 0.000000, 0.000000, 0.000000, 1.000000),
 ["RightUpperLeg"] = CFrame.new(0.000000, 0.000000, 0.000000, 0.947659, 0.000000, -0.319285, 0.000000, 1.000000, 0.000000, 0.319285, 0.000000, 0.947659),
 ["UpperTorso"] = CFrame.new(0.000000, 0.000000, 0.000000, 1.000000, 0.000000, 0.000000, 0.000000, 1.000000, 0.000000, 0.000000, 0.000000, 1.000000),
 }},
 {Time = 1.067, Data = {
 ["HumanoidRootPart"] = CFrame.new(0.000000, 0.000000, 0.000000, 1.000000, 0.000000, 0.000000, 0.000000, 1.000000, 0.000000, 0.000000, 0.000000, 1.000000),
 ["LeftLowerArm"] = CFrame.new(-0.000006, 0.000002, -0.000017, 0.998838, -0.048204, -0.000001, 0.048203, 0.998838, -0.000025, 0.000002, 0.000025, 1.000000),
 ["LeftUpperArm"] = CFrame.new(0.250000, 0.450000, -0.200000, 0.845216, -0.456866, -0.277278, 0.070615, 0.609759, -0.789436, 0.529739, 0.647664, 0.547639),
 ["LeftUpperLeg"] = CFrame.new(0.000001, 0.000000, 0.000000, 0.890127, 0.000000, 0.455713, 0.000000, 1.000000, 0.000000, -0.455713, 0.000000, 0.890127),
 ["LowerTorso"] = CFrame.new(0.000000, 0.000000, 0.000000, 1.000000, 0.000000, 0.000000, 0.000000, 1.000000, 0.000000, 0.000000, 0.000000, 1.000000),
 ["RightLowerArm"] = CFrame.new(0.000001, 0.000000, 0.000000, 0.859016, 0.511949, 0.000000, -0.511949, 0.859016, 0.000000, 0.000000, 0.000000, 1.000000),
 ["RightUpperArm"] = CFrame.new(0.000000, -0.246253, 0.000000, 1.000000, 0.000000, 0.000000, 0.000000, 1.000000, 0.000000, 0.000000, 0.000000, 1.000000),
 ["RightUpperLeg"] = CFrame.new(0.000000, 0.000000, 0.000000, 0.947659, 0.000000, -0.319285, 0.000000, 1.000000, 0.000000, 0.319285, 0.000000, 0.947659),
 ["UpperTorso"] = CFrame.new(0.000000, 0.000000, 0.000000, 1.000000, 0.000000, 0.000000, 0.000000, 1.000000, 0.000000, 0.000000, 0.000000, 1.000000),
 }},
 {Time = 1.200, Data = {
 ["HumanoidRootPart"] = CFrame.new(0.000000, 0.000000, 0.000000, 1.000000, 0.000000, 0.000000, 0.000000, 1.000000, 0.000000, 0.000000, 0.000000, 1.000000),
 ["LeftLowerArm"] = CFrame.new(-0.000007, 0.000003, -0.000017, 0.795656, -0.605748, -0.000001, 0.605748, 0.795656, -0.000025, 0.000016, 0.000019, 1.000000),
 ["LeftUpperArm"] = CFrame.new(0.250000, 0.450000, -0.200000, 0.917411, -0.290235, -0.272249, -0.063290, 0.569021, -0.819884, 0.392874, 0.769402, 0.503657),
 ["LeftUpperLeg"] = CFrame.new(0.000001, 0.000000, 0.000000, 0.890127, 0.000000, 0.455713, 0.000000, 1.000000, 0.000000, -0.455713, 0.000000, 0.890127),
 ["LowerTorso"] = CFrame.new(0.000000, 0.000000, 0.000000, 1.000000, 0.000000, 0.000000, 0.000000, 1.000000, 0.000000, 0.000000, 0.000000, 1.000000),
 ["RightLowerArm"] = CFrame.new(0.000001, 0.000000, 0.000000, 0.859016, 0.511949, 0.000000, -0.511949, 0.859016, 0.000000, 0.000000, 0.000000, 1.000000),
 ["RightUpperArm"] = CFrame.new(0.000000, -0.246253, 0.000000, 1.000000, 0.000000, 0.000000, 0.000000, 1.000000, 0.000000, 0.000000, 0.000000, 1.000000),
 ["RightUpperLeg"] = CFrame.new(0.000000, 0.000000, 0.000000, 0.947659, 0.000000, -0.319285, 0.000000, 1.000000, 0.000000, 0.319285, 0.000000, 0.947659),
 ["UpperTorso"] = CFrame.new(0.000000, 0.000000, 0.000000, 1.000000, 0.000000, 0.000000, 0.000000, 1.000000, 0.000000, 0.000000, 0.000000, 1.000000),
 }},
 {Time = 1.467, Data = {
 ["HumanoidRootPart"] = CFrame.new(0.000000, 0.000000, 0.000000, 1.000000, 0.000000, 0.000000, 0.000000, 1.000000, 0.000000, 0.000000, 0.000000, 1.000000),
 ["LeftLowerArm"] = CFrame.new(-0.000006, 0.000002, -0.000017, 0.998838, -0.048204, -0.000001, 0.048203, 0.998838, -0.000025, 0.000002, 0.000025, 1.000000),
 ["LeftUpperArm"] = CFrame.new(0.250000, 0.450000, -0.200000, 0.845216, -0.456866, -0.277278, 0.070615, 0.609759, -0.789436, 0.529739, 0.647664, 0.547639),
 ["LeftUpperLeg"] = CFrame.new(0.000001, 0.000000, 0.000000, 0.890127, 0.000000, 0.455713, 0.000000, 1.000000, 0.000000, -0.455713, 0.000000, 0.890127),
 ["LowerTorso"] = CFrame.new(0.000000, 0.000000, 0.000000, 1.000000, 0.000000, 0.000000, 0.000000, 1.000000, 0.000000, 0.000000, 0.000000, 1.000000),
 ["RightLowerArm"] = CFrame.new(0.000001, 0.000000, 0.000000, 0.859016, 0.511949, 0.000000, -0.511949, 0.859016, 0.000000, 0.000000, 0.000000, 1.000000),
 ["RightUpperArm"] = CFrame.new(0.000000, -0.246253, 0.000000, 1.000000, 0.000000, 0.000000, 0.000000, 1.000000, 0.000000, 0.000000, 0.000000, 1.000000),
 ["RightUpperLeg"] = CFrame.new(0.000000, 0.000000, 0.000000, 0.947659, 0.000000, -0.319285, 0.000000, 1.000000, 0.000000, 0.319285, 0.000000, 0.947659),
 ["UpperTorso"] = CFrame.new(0.000000, 0.000000, 0.000000, 1.000000, 0.000000, 0.000000, 0.000000, 1.000000, 0.000000, 0.000000, 0.000000, 1.000000),
 }},
 {Time = 1.667, Data = {
 ["HumanoidRootPart"] = CFrame.new(0.000000, 0.000000, 0.000000, 1.000000, 0.000000, 0.000000, 0.000000, 1.000000, 0.000000, 0.000000, 0.000000, 1.000000),
 ["LeftLowerArm"] = CFrame.new(-0.000007, 0.000003, -0.000017, 0.795656, -0.605748, -0.000001, 0.605748, 0.795656, -0.000025, 0.000016, 0.000019, 1.000000),
 ["LeftUpperArm"] = CFrame.new(0.250000, 0.450000, -0.200000, 0.917411, -0.290235, -0.272249, -0.063290, 0.569021, -0.819884, 0.392874, 0.769402, 0.503657),
 ["LeftUpperLeg"] = CFrame.new(0.000001, 0.000000, 0.000000, 0.890127, 0.000000, 0.455713, 0.000000, 1.000000, 0.000000, -0.455713, 0.000000, 0.890127),
 ["LowerTorso"] = CFrame.new(0.000000, 0.000000, 0.000000, 1.000000, 0.000000, 0.000000, 0.000000, 1.000000, 0.000000, 0.000000, 0.000000, 1.000000),
 ["RightLowerArm"] = CFrame.new(0.000001, 0.000000, 0.000000, 0.859016, 0.511949, 0.000000, -0.511949, 0.859016, 0.000000, 0.000000, 0.000000, 1.000000),
 ["RightUpperArm"] = CFrame.new(0.000000, -0.246253, 0.000000, 1.000000, 0.000000, 0.000000, 0.000000, 1.000000, 0.000000, 0.000000, 0.000000, 1.000000),
 ["RightUpperLeg"] = CFrame.new(0.000000, 0.000000, 0.000000, 0.947659, 0.000000, -0.319285, 0.000000, 1.000000, 0.000000, 0.319285, 0.000000, 0.947659),
 ["UpperTorso"] = CFrame.new(0.000000, 0.000000, 0.000000, 1.000000, 0.000000, 0.000000, 0.000000, 1.000000, 0.000000, 0.000000, 0.000000, 1.000000),
 }},
 {Time = 1.933, Data = {
 ["HumanoidRootPart"] = CFrame.new(0.000000, 0.000000, 0.000000, 1.000000, 0.000000, 0.000000, 0.000000, 1.000000, 0.000000, 0.000000, 0.000000, 1.000000),
 ["LeftLowerArm"] = CFrame.new(-0.000006, 0.000002, -0.000017, 0.998838, -0.048204, -0.000001, 0.048203, 0.998838, -0.000025, 0.000002, 0.000025, 1.000000),
 ["LeftUpperArm"] = CFrame.new(0.250000, 0.450000, -0.200000, 0.845216, -0.456866, -0.277278, 0.070615, 0.609759, -0.789436, 0.529739, 0.647664, 0.547639),
 ["LeftUpperLeg"] = CFrame.new(0.000001, 0.000000, 0.000000, 0.890127, 0.000000, 0.455713, 0.000000, 1.000000, 0.000000, -0.455713, 0.000000, 0.890127),
 ["LowerTorso"] = CFrame.new(0.000000, 0.000000, 0.000000, 1.000000, 0.000000, 0.000000, 0.000000, 1.000000, 0.000000, 0.000000, 0.000000, 1.000000),
 ["RightLowerArm"] = CFrame.new(0.000001, 0.000000, 0.000000, 0.859016, 0.511949, 0.000000, -0.511949, 0.859016, 0.000000, 0.000000, 0.000000, 1.000000),
 ["RightUpperArm"] = CFrame.new(0.000000, -0.246253, 0.000000, 1.000000, 0.000000, 0.000000, 0.000000, 1.000000, 0.000000, 0.000000, 0.000000, 1.000000),
 ["RightUpperLeg"] = CFrame.new(0.000000, 0.000000, 0.000000, 0.947659, 0.000000, -0.319285, 0.000000, 1.000000, 0.000000, 0.319285, 0.000000, 0.947659),
 ["UpperTorso"] = CFrame.new(0.000000, 0.000000, 0.000000, 1.000000, 0.000000, 0.000000, 0.000000, 1.000000, 0.000000, 0.000000, 0.000000, 1.000000),
 }},
 {Time = 2.267, Data = {
 ["HumanoidRootPart"] = CFrame.new(0.000000, 0.000000, 0.000000, 1.000000, 0.000000, 0.000000, 0.000000, 1.000000, 0.000000, 0.000000, 0.000000, 1.000000),
 ["LeftLowerArm"] = CFrame.new(-0.000004, 0.000003, -0.000018, 0.991072, 0.133324, -0.000001, -0.133324, 0.991072, -0.000025, -0.000002, 0.000025, 1.000000),
 ["LeftUpperArm"] = CFrame.new(0.250000, 0.450000, -0.200000, 0.917411, -0.290235, -0.272249, -0.063290, 0.569021, -0.819884, 0.392874, 0.769402, 0.503657),
 ["LeftUpperLeg"] = CFrame.new(0.000001, 0.000000, 0.000000, 0.890127, 0.000000, 0.455713, 0.000000, 1.000000, 0.000000, -0.455713, 0.000000, 0.890127),
 ["LowerTorso"] = CFrame.new(0.000000, 0.000000, 0.000000, 1.000000, 0.000000, 0.000000, 0.000000, 1.000000, 0.000000, 0.000000, 0.000000, 1.000000),
 ["RightLowerArm"] = CFrame.new(0.000001, 0.000000, 0.000000, 0.859016, 0.511949, 0.000000, -0.511949, 0.859016, 0.000000, 0.000000, 0.000000, 1.000000),
 ["RightUpperArm"] = CFrame.new(0.000000, -0.246253, 0.000000, 1.000000, 0.000000, 0.000000, 0.000000, 1.000000, 0.000000, 0.000000, 0.000000, 1.000000),
 ["RightUpperLeg"] = CFrame.new(0.000000, 0.000000, 0.000000, 0.947659, 0.000000, -0.319285, 0.000000, 1.000000, 0.000000, 0.319285, 0.000000, 0.947659),
 ["UpperTorso"] = CFrame.new(0.000000, 0.000000, 0.000000, 1.000000, 0.000000, 0.000000, 0.000000, 1.000000, 0.000000, 0.000000, 0.000000, 1.000000),
 }},
 },
}
