return {
 ["anim_109634129261451"] = {
 {Time = 0.000, Data = {
 ["Head"] = CFrame.new(0.000000, 0.000000, 0.000000, 1.000000, 0.000000, 0.000000, 0.000000, 0.688713, -0.725034, 0.000000, 0.725034, 0.688713),
 ["HumanoidRootPart"] = CFrame.new(0.000000, 0.000000, 0.000000, 1.000000, 0.000000, 0.000000, 0.000000, 1.000000, 0.000000, 0.000000, 0.000000, 1.000000),
 ["LeftLowerLeg"] = CFrame.new(0.000000, -0.000001, 0.000000, 0.999999, 0.000000, 0.000000, 0.000000, 0.844707, 0.535228, 0.000000, -0.535228, 0.844707),
 ["LeftUpperArm"] = CFrame.new(0.098183, -0.083665, -0.188558, 0.982101, -0.175634, -0.068040, 0.085694, 0.738335, -0.668967, 0.167730, 0.651163, 0.740171),
 ["LeftUpperLeg"] = CFrame.new(-0.000002, 0.000000, 0.000000, 0.807149, 0.540345, -0.237777, 0.052627, -0.467030, -0.882674, -0.587998, 0.699936, -0.405399),
 ["LowerTorso"] = CFrame.new(0.000000, -0.988200, 1.060985, 1.000000, 0.000000, 0.000000, 0.000000, 1.000000, 0.000000, 0.000000, 0.000000, 1.000000),
 ["RightLowerLeg"] = CFrame.new(0.000001, -0.000001, -0.000001, 1.000000, 0.000000, 0.000000, 0.000000, 0.972016, 0.234915, 0.000000, -0.234915, 0.972016),
 ["RightUpperArm"] = CFrame.new(-0.081462, -0.085238, -0.194362, 0.979980, 0.188933, -0.062795, -0.079992, 0.084811, -0.993181, -0.182319, 0.978321, 0.098227),
 ["RightUpperLeg"] = CFrame.new(-0.000003, 0.000000, -0.000001, 0.879197, -0.342761, 0.330949, 0.004044, -0.689209, -0.724551, 0.476441, 0.638362, -0.604564),
 ["UpperTorso"] = CFrame.new(0.000000, 0.000000, 0.000000, 1.000000, 0.000000, 0.000000, 0.000000, 0.524554, 0.851377, 0.000000, -0.851377, 0.524554),
 }},
 {Time = 0.333, Data = {
 ["HumanoidRootPart"] = CFrame.new(0.000000, 0.000000, 0.000000, 1.000000, 0.000000, 0.000000, 0.000000, 1.000000, 0.000000, 0.000000, 0.000000, 1.000000),
 ["LeftUpperArm"] = CFrame.new(0.098183, -0.083665, -0.188558, 0.982102, -0.153649, 0.108946, 0.085689, -0.150622, -0.984871, 0.167734, 0.976578, -0.134761),
 ["LeftUpperLeg"] = CFrame.new(-0.000002, 0.000000, 0.000000, 0.807159, 0.330908, -0.488870, 0.052596, -0.865142, -0.498761, -0.587986, 0.376867, -0.715712),
 ["LowerTorso"] = CFrame.new(0.000000, 0.000000, 0.000000, 1.000000, 0.000000, 0.000000, 0.000000, 1.000000, 0.000000, 0.000000, 0.000000, 1.000000),
 ["RightUpperArm"] = CFrame.new(-0.081465, -0.085242, -0.194328, 0.979987, 0.185953, 0.071047, -0.079992, 0.694687, -0.714850, -0.182284, 0.694861, 0.695659),
 ["RightUpperLeg"] = CFrame.new(-0.000002, 0.000000, -0.000001, 0.879202, -0.464187, 0.107405, 0.004064, -0.218112, -0.975915, 0.476433, 0.858463, -0.189878),
 ["UpperTorso"] = CFrame.new(0.000000, 0.000000, 0.000000, 1.000000, 0.000000, 0.000000, 0.000000, 1.000000, 0.000000, 0.000000, 0.000000, 1.000000),
 }},
 {Time = 0.667, Data = {
 ["HumanoidRootPart"] = CFrame.new(0.000000, 0.000000, 0.000000, 1.000000, 0.000000, 0.000000, 0.000000, 1.000000, 0.000000, 0.000000, 0.000000, 1.000000),
 ["LeftUpperArm"] = CFrame.new(0.098183, -0.083664, -0.188558, 0.982101, -0.175224, -0.069091, 0.085689, 0.742308, -0.664556, 0.167733, 0.646741, 0.744037),
 ["LeftUpperLeg"] = CFrame.new(-0.000003, 0.000000, 0.000000, 0.807157, 0.547377, -0.221079, 0.052611, -0.439705, -0.896600, -0.587988, 0.712066, -0.383709),
 ["LowerTorso"] = CFrame.new(0.000000, 0.000000, 0.000000, 1.000000, 0.000000, 0.000000, 0.000000, 1.000000, 0.000000, 0.000000, 0.000000, 1.000000),
 ["RightUpperArm"] = CFrame.new(-0.081466, -0.085242, -0.194328, 0.979986, 0.184417, -0.074956, -0.079992, 0.020012, -0.996594, -0.182289, 0.982644, 0.034363),
 ["RightUpperLeg"] = CFrame.new(-0.000002, 0.000000, -0.000001, 0.879205, -0.277237, 0.387477, 0.004073, -0.808866, -0.587979, 0.476427, 0.518533, -0.710029),
 ["UpperTorso"] = CFrame.new(0.000000, 0.000000, 0.000000, 1.000000, 0.000000, 0.000000, 0.000000, 1.000000, 0.000000, 0.000000, 0.000000, 1.000000),
 }},
 {Time = 1.000, Data = {
 ["HumanoidRootPart"] = CFrame.new(0.000000, 0.000000, 0.000000, 1.000000, 0.000000, 0.000000, 0.000000, 1.000000, 0.000000, 0.000000, 0.000000, 1.000000),
 ["LeftUpperArm"] = CFrame.new(0.098183, -0.083665, -0.188558, 0.982102, -0.153649, 0.108946, 0.085689, -0.150622, -0.984871, 0.167734, 0.976578, -0.134761),
 ["LeftUpperLeg"] = CFrame.new(-0.000002, 0.000000, 0.000000, 0.807159, 0.330908, -0.488870, 0.052596, -0.865142, -0.498761, -0.587986, 0.376867, -0.715712),
 ["LowerTorso"] = CFrame.new(0.000000, 0.000000, 0.000000, 1.000000, 0.000000, 0.000000, 0.000000, 1.000000, 0.000000, 0.000000, 0.000000, 1.000000),
 ["RightUpperArm"] = CFrame.new(-0.081465, -0.085242, -0.194328, 0.979987, 0.185953, 0.071047, -0.079992, 0.694687, -0.714850, -0.182284, 0.694861, 0.695659),
 ["RightUpperLeg"] = CFrame.new(-0.000002, 0.000000, -0.000001, 0.879202, -0.464187, 0.107405, 0.004064, -0.218112, -0.975915, 0.476433, 0.858463, -0.189878),
 ["UpperTorso"] = CFrame.new(0.000000, 0.000000, 0.000000, 1.000000, 0.000000, 0.000000, 0.000000, 1.000000, 0.000000, 0.000000, 0.000000, 1.000000),
 }},
 {Time = 1.333, Data = {
 ["HumanoidRootPart"] = CFrame.new(0.000000, 0.000000, 0.000000, 1.000000, 0.000000, 0.000000, 0.000000, 1.000000, 0.000000, 0.000000, 0.000000, 1.000000),
 ["LeftUpperArm"] = CFrame.new(0.098183, -0.083664, -0.188558, 0.982101, -0.175224, -0.069091, 0.085689, 0.742308, -0.664556, 0.167733, 0.646741, 0.744037),
 ["LeftUpperLeg"] = CFrame.new(-0.000003, 0.000000, 0.000000, 0.807157, 0.547377, -0.221079, 0.052611, -0.439705, -0.896600, -0.587988, 0.712066, -0.383709),
 ["LowerTorso"] = CFrame.new(0.000000, 0.000000, 0.000000, 1.000000, 0.000000, 0.000000, 0.000000, 1.000000, 0.000000, 0.000000, 0.000000, 1.000000),
 ["RightUpperArm"] = CFrame.new(-0.081466, -0.085242, -0.194328, 0.979986, 0.184417, -0.074956, -0.079992, 0.020012, -0.996594, -0.182289, 0.982644, 0.034363),
 ["RightUpperLeg"] = CFrame.new(-0.000002, 0.000000, -0.000001, 0.879205, -0.277237, 0.387477, 0.004073, -0.808866, -0.587979, 0.476427, 0.518533, -0.710029),
 ["UpperTorso"] = CFrame.new(0.000000, 0.000000, 0.000000, 1.000000, 0.000000, 0.000000, 0.000000, 1.000000, 0.000000, 0.000000, 0.000000, 1.000000),
 }},
 {Time = 1.667, Data = {
 ["HumanoidRootPart"] = CFrame.new(0.000000, 0.000000, 0.000000, 1.000000, 0.000000, 0.000000, 0.000000, 1.000000, 0.000000, 0.000000, 0.000000, 1.000000),
 ["LeftUpperArm"] = CFrame.new(0.098183, -0.083665, -0.188558, 0.982102, -0.153649, 0.108946, 0.085689, -0.150622, -0.984871, 0.167734, 0.976578, -0.134761),
 ["LeftUpperLeg"] = CFrame.new(-0.000002, 0.000000, 0.000000, 0.807159, 0.330908, -0.488870, 0.052596, -0.865142, -0.498761, -0.587986, 0.376867, -0.715712),
 ["LowerTorso"] = CFrame.new(0.000000, 0.000000, 0.000000, 1.000000, 0.000000, 0.000000, 0.000000, 1.000000, 0.000000, 0.000000, 0.000000, 1.000000),
 ["RightUpperArm"] = CFrame.new(-0.081465, -0.085242, -0.194328, 0.979987, 0.185953, 0.071047, -0.079992, 0.694687, -0.714850, -0.182284, 0.694861, 0.695659),
 ["RightUpperLeg"] = CFrame.new(-0.000002, 0.000000, -0.000001, 0.879202, -0.464187, 0.107405, 0.004064, -0.218112, -0.975915, 0.476433, 0.858463, -0.189878),
 ["UpperTorso"] = CFrame.new(0.000000, 0.000000, 0.000000, 1.000000, 0.000000, 0.000000, 0.000000, 1.000000, 0.000000, 0.000000, 0.000000, 1.000000),
 }},
 {Time = 2.000, Data = {
 ["HumanoidRootPart"] = CFrame.new(0.000000, 0.000000, 0.000000, 1.000000, 0.000000, 0.000000, 0.000000, 1.000000, 0.000000, 0.000000, 0.000000, 1.000000),
 ["LeftUpperArm"] = CFrame.new(0.098183, -0.083664, -0.188558, 0.982101, -0.175224, -0.069091, 0.085689, 0.742308, -0.664556, 0.167733, 0.646741, 0.744037),
 ["LeftUpperLeg"] = CFrame.new(-0.000003, 0.000000, 0.000000, 0.807157, 0.547377, -0.221079, 0.052611, -0.439705, -0.896600, -0.587988, 0.712066, -0.383709),
 ["LowerTorso"] = CFrame.new(0.000000, 0.000000, 0.000000, 1.000000, 0.000000, 0.000000, 0.000000, 1.000000, 0.000000, 0.000000, 0.000000, 1.000000),
 ["RightUpperArm"] = CFrame.new(-0.081466, -0.085242, -0.194328, 0.979986, 0.184417, -0.074956, -0.079992, 0.020012, -0.996594, -0.182289, 0.982644, 0.034363),
 ["RightUpperLeg"] = CFrame.new(-0.000002, 0.000000, -0.000001, 0.879205, -0.277237, 0.387477, 0.004073, -0.808866, -0.587979, 0.476427, 0.518533, -0.710029),
 ["UpperTorso"] = CFrame.new(0.000000, 0.000000, 0.000000, 1.000000, 0.000000, 0.000000, 0.000000, 1.000000, 0.000000, 0.000000, 0.000000, 1.000000),
 }},
 {Time = 2.333, Data = {
 ["HumanoidRootPart"] = CFrame.new(0.000000, 0.000000, 0.000000, 1.000000, 0.000000, 0.000000, 0.000000, 1.000000, 0.000000, 0.000000, 0.000000, 1.000000),
 ["LeftUpperArm"] = CFrame.new(0.098183, -0.083665, -0.188558, 0.982102, -0.153649, 0.108946, 0.085689, -0.150622, -0.984871, 0.167734, 0.976578, -0.134761),
 ["LeftUpperLeg"] = CFrame.new(-0.000002, 0.000000, 0.000000, 0.807159, 0.330908, -0.488870, 0.052596, -0.865142, -0.498761, -0.587986, 0.376867, -0.715712),
 ["LowerTorso"] = CFrame.new(0.000000, 0.000000, 0.000000, 1.000000, 0.000000, 0.000000, 0.000000, 1.000000, 0.000000, 0.000000, 0.000000, 1.000000),
 ["RightUpperArm"] = CFrame.new(-0.081465, -0.085242, -0.194328, 0.979987, 0.185953, 0.071047, -0.079992, 0.694687, -0.714850, -0.182284, 0.694861, 0.695659),
 ["RightUpperLeg"] = CFrame.new(-0.000002, 0.000000, -0.000001, 0.879202, -0.464187, 0.107405, 0.004064, -0.218112, -0.975915, 0.476433, 0.858463, -0.189878),
 ["UpperTorso"] = CFrame.new(0.000000, 0.000000, 0.000000, 1.000000, 0.000000, 0.000000, 0.000000, 1.000000, 0.000000, 0.000000, 0.000000, 1.000000),
 }},
 {Time = 2.667, Data = {
 ["HumanoidRootPart"] = CFrame.new(0.000000, 0.000000, 0.000000, 1.000000, 0.000000, 0.000000, 0.000000, 1.000000, 0.000000, 0.000000, 0.000000, 1.000000),
 ["LeftUpperArm"] = CFrame.new(0.098183, -0.083664, -0.188558, 0.982101, -0.175224, -0.069091, 0.085689, 0.742308, -0.664556, 0.167733, 0.646741, 0.744037),
 ["LeftUpperLeg"] = CFrame.new(-0.000003, 0.000000, 0.000000, 0.807157, 0.547377, -0.221079, 0.052611, -0.439705, -0.896600, -0.587988, 0.712066, -0.383709),
 ["LowerTorso"] = CFrame.new(0.000000, 0.000000, 0.000000, 1.000000, 0.000000, 0.000000, 0.000000, 1.000000, 0.000000, 0.000000, 0.000000, 1.000000),
 ["RightUpperArm"] = CFrame.new(-0.081466, -0.085242, -0.194328, 0.979986, 0.184417, -0.074956, -0.079992, 0.020012, -0.996594, -0.182289, 0.982644, 0.034363),
 ["RightUpperLeg"] = CFrame.new(-0.000002, 0.000000, -0.000001, 0.879205, -0.277237, 0.387477, 0.004073, -0.808866, -0.587979, 0.476427, 0.518533, -0.710029),
 ["UpperTorso"] = CFrame.new(0.000000, 0.000000, 0.000000, 1.000000, 0.000000, 0.000000, 0.000000, 1.000000, 0.000000, 0.000000, 0.000000, 1.000000),
 }},
 {Time = 3.000, Data = {
 ["HumanoidRootPart"] = CFrame.new(0.000000, 0.000000, 0.000000, 1.000000, 0.000000, 0.000000, 0.000000, 1.000000, 0.000000, 0.000000, 0.000000, 1.000000),
 ["LeftUpperArm"] = CFrame.new(0.098183, -0.083665, -0.188558, 0.982102, -0.153649, 0.108946, 0.085689, -0.150622, -0.984871, 0.167734, 0.976578, -0.134761),
 ["LeftUpperLeg"] = CFrame.new(-0.000002, 0.000000, 0.000000, 0.807159, 0.330908, -0.488870, 0.052596, -0.865142, -0.498761, -0.587986, 0.376867, -0.715712),
 ["LowerTorso"] = CFrame.new(0.000000, 0.000000, 0.000000, 1.000000, 0.000000, 0.000000, 0.000000, 1.000000, 0.000000, 0.000000, 0.000000, 1.000000),
 ["RightUpperArm"] = CFrame.new(-0.081465, -0.085242, -0.194328, 0.979987, 0.185953, 0.071047, -0.079992, 0.694687, -0.714850, -0.182284, 0.694861, 0.695659),
 ["RightUpperLeg"] = CFrame.new(-0.000002, 0.000000, -0.000001, 0.879202, -0.464187, 0.107405, 0.004064, -0.218112, -0.975915, 0.476433, 0.858463, -0.189878),
 ["UpperTorso"] = CFrame.new(0.000000, 0.000000, 0.000000, 1.000000, 0.000000, 0.000000, 0.000000, 1.000000, 0.000000, 0.000000, 0.000000, 1.000000),
 }},
 {Time = 3.333, Data = {
 ["HumanoidRootPart"] = CFrame.new(0.000000, 0.000000, 0.000000, 1.000000, 0.000000, 0.000000, 0.000000, 1.000000, 0.000000, 0.000000, 0.000000, 1.000000),
 ["LeftUpperArm"] = CFrame.new(0.098183, -0.083664, -0.188558, 0.982101, -0.175224, -0.069091, 0.085689, 0.742308, -0.664556, 0.167733, 0.646741, 0.744037),
 ["LeftUpperLeg"] = CFrame.new(-0.000003, 0.000000, 0.000000, 0.807157, 0.547377, -0.221079, 0.052611, -0.439705, -0.896600, -0.587988, 0.712066, -0.383709),
 ["LowerTorso"] = CFrame.new(0.000000, 0.000000, 0.000000, 1.000000, 0.000000, 0.000000, 0.000000, 1.000000, 0.000000, 0.000000, 0.000000, 1.000000),
 ["RightUpperArm"] = CFrame.new(-0.081466, -0.085242, -0.194328, 0.979986, 0.184417, -0.074956, -0.079992, 0.020012, -0.996594, -0.182289, 0.982644, 0.034363),
 ["RightUpperLeg"] = CFrame.new(-0.000002, 0.000000, -0.000001, 0.879205, -0.277237, 0.387477, 0.004073, -0.808866, -0.587979, 0.476427, 0.518533, -0.710029),
 ["UpperTorso"] = CFrame.new(0.000000, 0.000000, 0.000000, 1.000000, 0.000000, 0.000000, 0.000000, 1.000000, 0.000000, 0.000000, 0.000000, 1.000000),
 }},
 {Time = 4.000, Data = {
 ["HumanoidRootPart"] = CFrame.new(0.000000, 0.000000, 0.000000, 1.000000, 0.000000, 0.000000, 0.000000, 1.000000, 0.000000, 0.000000, 0.000000, 1.000000),
 ["LeftUpperArm"] = CFrame.new(0.098183, -0.083665, -0.188558, 0.982102, -0.153649, 0.108946, 0.085689, -0.150622, -0.984871, 0.167734, 0.976578, -0.134761),
 ["LeftUpperLeg"] = CFrame.new(-0.000002, 0.000000, 0.000000, 0.807159, 0.330908, -0.488870, 0.052596, -0.865142, -0.498761, -0.587986, 0.376867, -0.715712),
 ["LowerTorso"] = CFrame.new(0.000000, 0.000000, 0.000000, 1.000000, 0.000000, 0.000000, 0.000000, 1.000000, 0.000000, 0.000000, 0.000000, 1.000000),
 ["RightUpperArm"] = CFrame.new(-0.081465, -0.085242, -0.194328, 0.979987, 0.185953, 0.071047, -0.079992, 0.694687, -0.714850, -0.182284, 0.694861, 0.695659),
 ["RightUpperLeg"] = CFrame.new(-0.000002, 0.000000, -0.000001, 0.879202, -0.464187, 0.107405, 0.004064, -0.218112, -0.975915, 0.476433, 0.858463, -0.189878),
 ["UpperTorso"] = CFrame.new(0.000000, 0.000000, 0.000000, 1.000000, 0.000000, 0.000000, 0.000000, 1.000000, 0.000000, 0.000000, 0.000000, 1.000000),
 }},
 {Time = 4.333, Data = {
 ["HumanoidRootPart"] = CFrame.new(0.000000, 0.000000, 0.000000, 1.000000, 0.000000, 0.000000, 0.000000, 1.000000, 0.000000, 0.000000, 0.000000, 1.000000),
 ["LeftUpperArm"] = CFrame.new(0.098183, -0.083664, -0.188558, 0.982101, -0.175224, -0.069091, 0.085689, 0.742308, -0.664556, 0.167733, 0.646741, 0.744037),
 ["LeftUpperLeg"] = CFrame.new(-0.000003, 0.000000, 0.000000, 0.807157, 0.547377, -0.221079, 0.052611, -0.439705, -0.896600, -0.587988, 0.712066, -0.383709),
 ["LowerTorso"] = CFrame.new(0.000000, 0.000000, 0.000000, 1.000000, 0.000000, 0.000000, 0.000000, 1.000000, 0.000000, 0.000000, 0.000000, 1.000000),
 ["RightUpperArm"] = CFrame.new(-0.081466, -0.085242, -0.194328, 0.979986, 0.184417, -0.074956, -0.079992, 0.020012, -0.996594, -0.182289, 0.982644, 0.034363),
 ["RightUpperLeg"] = CFrame.new(-0.000002, 0.000000, -0.000001, 0.879205, -0.277237, 0.387477, 0.004073, -0.808866, -0.587979, 0.476427, 0.518533, -0.710029),
 ["UpperTorso"] = CFrame.new(0.000000, 0.000000, 0.000000, 1.000000, 0.000000, 0.000000, 0.000000, 1.000000, 0.000000, 0.000000, 0.000000, 1.000000),
 }},
 },
}
