return {
 ["anim_137789539304341"] = {
 {Time = 0.000, Data = {
 ["HumanoidRootPart"] = CFrame.new(0.000000, 0.000000, 0.000000, 1.000000, 0.000000, 0.000000, 0.000000, 1.000000, 0.000000, 0.000000, 0.000000, 1.000000),
 ["LeftLowerArm"] = CFrame.new(0.028777, -0.657080, -0.000001, 0.999042, -0.043753, 0.000000, 0.043753, 0.999042, 0.000000, 0.000000, 0.000000, 1.000000),
 ["LeftLowerLeg"] = CFrame.new(0.000000, 0.000000, 0.000000, 0.999999, 0.000000, 0.000000, 0.000000, 0.331989, 0.943283, 0.000000, -0.943283, 0.331989),
 ["LeftUpperArm"] = CFrame.new(0.624129, -3.193168, 0.091999, 1.000000, 0.000000, 0.000000, 0.000000, -1.000000, -0.000996, 0.000000, 0.000996, -1.000000),
 ["LeftUpperLeg"] = CFrame.new(-0.000001, 0.000000, 0.000000, 0.525811, 0.850601, 0.000021, 0.094728, -0.058533, -0.993780, -0.845310, 0.522543, -0.111354),
 ["LowerTorso"] = CFrame.new(0.000000, 0.000000, 0.000000, 1.000000, 0.000000, 0.000000, 0.000000, 1.000000, 0.000000, 0.000000, 0.000000, 1.000000),
 ["RightLowerArm"] = CFrame.new(0.000000, 0.000000, 0.000000, 0.613606, 0.789612, 0.000000, -0.789612, 0.613607, 0.000000, 0.000000, 0.000000, 1.000000),
 ["RightLowerLeg"] = CFrame.new(0.000000, 0.000000, 0.000000, 1.000000, 0.000000, 0.000000, 0.000000, 0.382115, 0.924115, 0.000000, -0.924115, 0.382115),
 ["RightUpperArm"] = CFrame.new(0.000000, 0.000000, 0.000000, 1.000000, 0.000000, 0.000000, 0.000000, -0.836840, 0.547447, 0.000000, -0.547447, -0.836840),
 ["RightUpperLeg"] = CFrame.new(0.000000, 0.000000, 0.000000, 0.538902, -0.842368, 0.000000, -0.020865, -0.013348, -0.999693, 0.842110, 0.538737, -0.024769),
 ["UpperTorso"] = CFrame.new(0.000000, 0.000000, 0.000000, 1.000000, 0.000000, 0.000000, 0.000000, 1.000000, 0.000000, 0.000000, 0.000000, 1.000000),
 }},
 {Time = 0.333, Data = {
 ["HumanoidRootPart"] = CFrame.new(0.000000, 0.000000, 0.000000, 1.000000, 0.000000, 0.000000, 0.000000, 1.000000, 0.000000, 0.000000, 0.000000, 1.000000),
 ["LeftUpperArm"] = CFrame.new(0.624075, -1.962123, 0.090662, 1.000000, 0.000000, 0.000000, 0.000000, -0.999999, -0.001082, 0.000000, 0.001082, -0.999999),
 ["LowerTorso"] = CFrame.new(0.000000, 0.000000, 0.000000, 1.000000, 0.000000, 0.000000, 0.000000, 1.000000, 0.000000, 0.000000, 0.000000, 1.000000),
 ["UpperTorso"] = CFrame.new(0.000000, 0.000000, 0.000000, 1.000000, 0.000000, 0.000000, 0.000000, 1.000000, 0.000000, 0.000000, 0.000000, 1.000000),
 }},
 {Time = 0.667, Data = {
 ["HumanoidRootPart"] = CFrame.new(0.000000, 0.000000, 0.000000, 1.000000, 0.000000, 0.000000, 0.000000, 1.000000, 0.000000, 0.000000, 0.000000, 1.000000),
 ["LeftLowerArm"] = CFrame.new(0.028777, -0.657080, -0.000001, 0.999042, -0.043753, 0.000000, 0.043753, 0.999042, 0.000000, 0.000000, 0.000000, 1.000000),
 ["LeftLowerLeg"] = CFrame.new(0.000000, 0.000000, 0.000000, 0.999999, 0.000000, 0.000000, 0.000000, 0.331989, 0.943283, 0.000000, -0.943283, 0.331989),
 ["LeftUpperArm"] = CFrame.new(0.624129, -3.193168, 0.091999, 1.000000, 0.000000, 0.000000, 0.000000, -1.000000, -0.000996, 0.000000, 0.000996, -1.000000),
 ["LeftUpperLeg"] = CFrame.new(-0.000001, 0.000000, 0.000000, 0.525811, 0.850601, 0.000021, 0.094728, -0.058533, -0.993780, -0.845310, 0.522543, -0.111354),
 ["LowerTorso"] = CFrame.new(0.000000, 0.000000, 0.000000, 1.000000, 0.000000, 0.000000, 0.000000, 1.000000, 0.000000, 0.000000, 0.000000, 1.000000),
 ["RightLowerArm"] = CFrame.new(0.000000, 0.000000, 0.000000, 0.613606, 0.789612, 0.000000, -0.789612, 0.613607, 0.000000, 0.000000, 0.000000, 1.000000),
 ["RightLowerLeg"] = CFrame.new(0.000000, 0.000000, 0.000000, 1.000000, 0.000000, 0.000000, 0.000000, 0.382115, 0.924115, 0.000000, -0.924115, 0.382115),
 ["RightUpperArm"] = CFrame.new(0.000000, 0.000000, 0.000000, 1.000000, 0.000000, 0.000000, 0.000000, -0.836840, 0.547447, 0.000000, -0.547447, -0.836840),
 ["RightUpperLeg"] = CFrame.new(0.000000, 0.000000, 0.000000, 0.538902, -0.842368, 0.000000, -0.020865, -0.013348, -0.999693, 0.842110, 0.538737, -0.024769),
 ["UpperTorso"] = CFrame.new(0.000000, 0.000000, 0.000000, 1.000000, 0.000000, 0.000000, 0.000000, 1.000000, 0.000000, 0.000000, 0.000000, 1.000000),
 }},
 {Time = 1.000, Data = {
 ["HumanoidRootPart"] = CFrame.new(0.000000, 0.000000, 0.000000, 1.000000, 0.000000, 0.000000, 0.000000, 1.000000, 0.000000, 0.000000, 0.000000, 1.000000),
 ["LeftUpperArm"] = CFrame.new(0.624075, -1.962123, 0.090662, 1.000000, 0.000000, 0.000000, 0.000000, -0.999999, -0.001082, 0.000000, 0.001082, -0.999999),
 ["LowerTorso"] = CFrame.new(0.000000, 0.000000, 0.000000, 1.000000, 0.000000, 0.000000, 0.000000, 1.000000, 0.000000, 0.000000, 0.000000, 1.000000),
 ["UpperTorso"] = CFrame.new(0.000000, 0.000000, 0.000000, 1.000000, 0.000000, 0.000000, 0.000000, 1.000000, 0.000000, 0.000000, 0.000000, 1.000000),
 }},
 {Time = 1.333, Data = {
 ["HumanoidRootPart"] = CFrame.new(0.000000, 0.000000, 0.000000, 1.000000, 0.000000, 0.000000, 0.000000, 1.000000, 0.000000, 0.000000, 0.000000, 1.000000),
 ["LeftLowerArm"] = CFrame.new(0.028777, -0.657080, -0.000001, 0.999042, -0.043753, 0.000000, 0.043753, 0.999042, 0.000000, 0.000000, 0.000000, 1.000000),
 ["LeftLowerLeg"] = CFrame.new(0.000000, 0.000000, 0.000000, 0.999999, 0.000000, 0.000000, 0.000000, 0.331989, 0.943283, 0.000000, -0.943283, 0.331989),
 ["LeftUpperArm"] = CFrame.new(0.624129, -3.193168, 0.091999, 1.000000, 0.000000, 0.000000, 0.000000, -1.000000, -0.000996, 0.000000, 0.000996, -1.000000),
 ["LeftUpperLeg"] = CFrame.new(-0.000001, 0.000000, 0.000000, 0.525811, 0.850601, 0.000021, 0.094728, -0.058533, -0.993780, -0.845310, 0.522543, -0.111354),
 ["LowerTorso"] = CFrame.new(0.000000, 0.000000, 0.000000, 1.000000, 0.000000, 0.000000, 0.000000, 1.000000, 0.000000, 0.000000, 0.000000, 1.000000),
 ["RightLowerArm"] = CFrame.new(0.000000, 0.000000, 0.000000, 0.613606, 0.789612, 0.000000, -0.789612, 0.613607, 0.000000, 0.000000, 0.000000, 1.000000),
 ["RightLowerLeg"] = CFrame.new(0.000000, 0.000000, 0.000000, 1.000000, 0.000000, 0.000000, 0.000000, 0.382115, 0.924115, 0.000000, -0.924115, 0.382115),
 ["RightUpperArm"] = CFrame.new(0.000000, 0.000000, 0.000000, 1.000000, 0.000000, 0.000000, 0.000000, -0.836840, 0.547447, 0.000000, -0.547447, -0.836840),
 ["RightUpperLeg"] = CFrame.new(0.000000, 0.000000, 0.000000, 0.538902, -0.842368, 0.000000, -0.020865, -0.013348, -0.999693, 0.842110, 0.538737, -0.024769),
 ["UpperTorso"] = CFrame.new(0.000000, 0.000000, 0.000000, 1.000000, 0.000000, 0.000000, 0.000000, 1.000000, 0.000000, 0.000000, 0.000000, 1.000000),
 }},
 {Time = 1.667, Data = {
 ["HumanoidRootPart"] = CFrame.new(0.000000, 0.000000, 0.000000, 1.000000, 0.000000, 0.000000, 0.000000, 1.000000, 0.000000, 0.000000, 0.000000, 1.000000),
 ["LeftUpperArm"] = CFrame.new(0.624075, -1.962123, 0.090662, 1.000000, 0.000000, 0.000000, 0.000000, -0.999999, -0.001082, 0.000000, 0.001082, -0.999999),
 ["LowerTorso"] = CFrame.new(0.000000, 0.000000, 0.000000, 1.000000, 0.000000, 0.000000, 0.000000, 1.000000, 0.000000, 0.000000, 0.000000, 1.000000),
 ["UpperTorso"] = CFrame.new(0.000000, 0.000000, 0.000000, 1.000000, 0.000000, 0.000000, 0.000000, 1.000000, 0.000000, 0.000000, 0.000000, 1.000000),
 }},
 {Time = 2.000, Data = {
 ["HumanoidRootPart"] = CFrame.new(0.000000, 0.000000, 0.000000, 1.000000, 0.000000, 0.000000, 0.000000, 1.000000, 0.000000, 0.000000, 0.000000, 1.000000),
 ["LeftLowerArm"] = CFrame.new(0.028777, -0.657080, -0.000001, 0.999042, -0.043753, 0.000000, 0.043753, 0.999042, 0.000000, 0.000000, 0.000000, 1.000000),
 ["LeftLowerLeg"] = CFrame.new(0.000000, 0.000000, 0.000000, 0.999999, 0.000000, 0.000000, 0.000000, 0.331989, 0.943283, 0.000000, -0.943283, 0.331989),
 ["LeftUpperArm"] = CFrame.new(0.624129, -3.193168, 0.091999, 1.000000, 0.000000, 0.000000, 0.000000, -1.000000, -0.000996, 0.000000, 0.000996, -1.000000),
 ["LeftUpperLeg"] = CFrame.new(-0.000001, 0.000000, 0.000000, 0.525811, 0.850601, 0.000021, 0.094728, -0.058533, -0.993780, -0.845310, 0.522543, -0.111354),
 ["LowerTorso"] = CFrame.new(0.000000, 0.000000, 0.000000, 1.000000, 0.000000, 0.000000, 0.000000, 1.000000, 0.000000, 0.000000, 0.000000, 1.000000),
 ["RightLowerArm"] = CFrame.new(0.000000, 0.000000, 0.000000, 0.613606, 0.789612, 0.000000, -0.789612, 0.613607, 0.000000, 0.000000, 0.000000, 1.000000),
 ["RightLowerLeg"] = CFrame.new(0.000000, 0.000000, 0.000000, 1.000000, 0.000000, 0.000000, 0.000000, 0.382115, 0.924115, 0.000000, -0.924115, 0.382115),
 ["RightUpperArm"] = CFrame.new(0.000000, 0.000000, 0.000000, 1.000000, 0.000000, 0.000000, 0.000000, -0.836840, 0.547447, 0.000000, -0.547447, -0.836840),
 ["RightUpperLeg"] = CFrame.new(0.000000, 0.000000, 0.000000, 0.538902, -0.842368, 0.000000, -0.020865, -0.013348, -0.999693, 0.842110, 0.538737, -0.024769),
 ["UpperTorso"] = CFrame.new(0.000000, 0.000000, 0.000000, 1.000000, 0.000000, 0.000000, 0.000000, 1.000000, 0.000000, 0.000000, 0.000000, 1.000000),
 }},
 {Time = 2.333, Data = {
 ["HumanoidRootPart"] = CFrame.new(0.000000, 0.000000, 0.000000, 1.000000, 0.000000, 0.000000, 0.000000, 1.000000, 0.000000, 0.000000, 0.000000, 1.000000),
 ["LeftUpperArm"] = CFrame.new(0.624075, -1.962123, 0.090662, 1.000000, 0.000000, 0.000000, 0.000000, -0.999999, -0.001082, 0.000000, 0.001082, -0.999999),
 ["LowerTorso"] = CFrame.new(0.000000, 0.000000, 0.000000, 1.000000, 0.000000, 0.000000, 0.000000, 1.000000, 0.000000, 0.000000, 0.000000, 1.000000),
 ["UpperTorso"] = CFrame.new(0.000000, 0.000000, 0.000000, 1.000000, 0.000000, 0.000000, 0.000000, 1.000000, 0.000000, 0.000000, 0.000000, 1.000000),
 }},
 {Time = 2.667, Data = {
 ["HumanoidRootPart"] = CFrame.new(0.000000, 0.000000, 0.000000, 1.000000, 0.000000, 0.000000, 0.000000, 1.000000, 0.000000, 0.000000, 0.000000, 1.000000),
 ["LeftLowerArm"] = CFrame.new(0.028777, -0.657080, -0.000001, 0.999042, -0.043753, 0.000000, 0.043753, 0.999042, 0.000000, 0.000000, 0.000000, 1.000000),
 ["LeftLowerLeg"] = CFrame.new(0.000000, 0.000000, 0.000000, 0.999999, 0.000000, 0.000000, 0.000000, 0.331989, 0.943283, 0.000000, -0.943283, 0.331989),
 ["LeftUpperArm"] = CFrame.new(0.624129, -3.193168, 0.091999, 1.000000, 0.000000, 0.000000, 0.000000, -1.000000, -0.000996, 0.000000, 0.000996, -1.000000),
 ["LeftUpperLeg"] = CFrame.new(-0.000001, 0.000000, 0.000000, 0.525811, 0.850601, 0.000021, 0.094728, -0.058533, -0.993780, -0.845310, 0.522543, -0.111354),
 ["LowerTorso"] = CFrame.new(0.000000, 0.000000, 0.000000, 1.000000, 0.000000, 0.000000, 0.000000, 1.000000, 0.000000, 0.000000, 0.000000, 1.000000),
 ["RightLowerArm"] = CFrame.new(0.000000, 0.000000, 0.000000, 0.613606, 0.789612, 0.000000, -0.789612, 0.613607, 0.000000, 0.000000, 0.000000, 1.000000),
 ["RightLowerLeg"] = CFrame.new(0.000000, 0.000000, 0.000000, 1.000000, 0.000000, 0.000000, 0.000000, 0.382115, 0.924115, 0.000000, -0.924115, 0.382115),
 ["RightUpperArm"] = CFrame.new(0.000000, 0.000000, 0.000000, 1.000000, 0.000000, 0.000000, 0.000000, -0.836840, 0.547447, 0.000000, -0.547447, -0.836840),
 ["RightUpperLeg"] = CFrame.new(0.000000, 0.000000, 0.000000, 0.538902, -0.842368, 0.000000, -0.020865, -0.013348, -0.999693, 0.842110, 0.538737, -0.024769),
 ["UpperTorso"] = CFrame.new(0.000000, 0.000000, 0.000000, 1.000000, 0.000000, 0.000000, 0.000000, 1.000000, 0.000000, 0.000000, 0.000000, 1.000000),
 }},
 {Time = 3.000, Data = {
 ["HumanoidRootPart"] = CFrame.new(0.000000, 0.000000, 0.000000, 1.000000, 0.000000, 0.000000, 0.000000, 1.000000, 0.000000, 0.000000, 0.000000, 1.000000),
 ["LeftUpperArm"] = CFrame.new(0.624075, -1.962123, 0.090662, 1.000000, 0.000000, 0.000000, 0.000000, -0.999999, -0.001082, 0.000000, 0.001082, -0.999999),
 ["LowerTorso"] = CFrame.new(0.000000, 0.000000, 0.000000, 1.000000, 0.000000, 0.000000, 0.000000, 1.000000, 0.000000, 0.000000, 0.000000, 1.000000),
 ["UpperTorso"] = CFrame.new(0.000000, 0.000000, 0.000000, 1.000000, 0.000000, 0.000000, 0.000000, 1.000000, 0.000000, 0.000000, 0.000000, 1.000000),
 }},
 {Time = 3.333, Data = {
 ["HumanoidRootPart"] = CFrame.new(0.000000, 0.000000, 0.000000, 1.000000, 0.000000, 0.000000, 0.000000, 1.000000, 0.000000, 0.000000, 0.000000, 1.000000),
 ["LeftLowerArm"] = CFrame.new(0.028777, -0.657080, -0.000001, 0.999042, -0.043753, 0.000000, 0.043753, 0.999042, 0.000000, 0.000000, 0.000000, 1.000000),
 ["LeftLowerLeg"] = CFrame.new(0.000000, 0.000000, 0.000000, 0.999999, 0.000000, 0.000000, 0.000000, 0.331989, 0.943283, 0.000000, -0.943283, 0.331989),
 ["LeftUpperArm"] = CFrame.new(0.624129, -3.193168, 0.091999, 1.000000, 0.000000, 0.000000, 0.000000, -1.000000, -0.000996, 0.000000, 0.000996, -1.000000),
 ["LeftUpperLeg"] = CFrame.new(-0.000001, 0.000000, 0.000000, 0.525811, 0.850601, 0.000021, 0.094728, -0.058533, -0.993780, -0.845310, 0.522543, -0.111354),
 ["LowerTorso"] = CFrame.new(0.000000, 0.000000, 0.000000, 1.000000, 0.000000, 0.000000, 0.000000, 1.000000, 0.000000, 0.000000, 0.000000, 1.000000),
 ["RightLowerArm"] = CFrame.new(0.000000, 0.000000, 0.000000, 0.613606, 0.789612, 0.000000, -0.789612, 0.613607, 0.000000, 0.000000, 0.000000, 1.000000),
 ["RightLowerLeg"] = CFrame.new(0.000000, 0.000000, 0.000000, 1.000000, 0.000000, 0.000000, 0.000000, 0.382115, 0.924115, 0.000000, -0.924115, 0.382115),
 ["RightUpperArm"] = CFrame.new(0.000000, 0.000000, 0.000000, 1.000000, 0.000000, 0.000000, 0.000000, -0.836840, 0.547447, 0.000000, -0.547447, -0.836840),
 ["RightUpperLeg"] = CFrame.new(0.000000, 0.000000, 0.000000, 0.538902, -0.842368, 0.000000, -0.020865, -0.013348, -0.999693, 0.842110, 0.538737, -0.024769),
 ["UpperTorso"] = CFrame.new(0.000000, 0.000000, 0.000000, 1.000000, 0.000000, 0.000000, 0.000000, 1.000000, 0.000000, 0.000000, 0.000000, 1.000000),
 }},
 {Time = 3.667, Data = {
 ["HumanoidRootPart"] = CFrame.new(0.000000, 0.000000, 0.000000, 1.000000, 0.000000, 0.000000, 0.000000, 1.000000, 0.000000, 0.000000, 0.000000, 1.000000),
 ["LeftUpperArm"] = CFrame.new(0.624075, -1.962123, 0.090662, 1.000000, 0.000000, 0.000000, 0.000000, -0.999999, -0.001082, 0.000000, 0.001082, -0.999999),
 ["LowerTorso"] = CFrame.new(0.000000, 0.000000, 0.000000, 1.000000, 0.000000, 0.000000, 0.000000, 1.000000, 0.000000, 0.000000, 0.000000, 1.000000),
 ["UpperTorso"] = CFrame.new(0.000000, 0.000000, 0.000000, 1.000000, 0.000000, 0.000000, 0.000000, 1.000000, 0.000000, 0.000000, 0.000000, 1.000000),
 }},
 {Time = 4.000, Data = {
 ["HumanoidRootPart"] = CFrame.new(0.000000, 0.000000, 0.000000, 1.000000, 0.000000, 0.000000, 0.000000, 1.000000, 0.000000, 0.000000, 0.000000, 1.000000),
 ["LeftLowerArm"] = CFrame.new(0.028777, -0.657080, -0.000001, 0.999042, -0.043753, 0.000000, 0.043753, 0.999042, 0.000000, 0.000000, 0.000000, 1.000000),
 ["LeftLowerLeg"] = CFrame.new(0.000000, 0.000000, 0.000000, 0.999999, 0.000000, 0.000000, 0.000000, 0.331989, 0.943283, 0.000000, -0.943283, 0.331989),
 ["LeftUpperArm"] = CFrame.new(0.624129, -3.193168, 0.091999, 1.000000, 0.000000, 0.000000, 0.000000, -1.000000, -0.000996, 0.000000, 0.000996, -1.000000),
 ["LeftUpperLeg"] = CFrame.new(-0.000001, 0.000000, 0.000000, 0.525811, 0.850601, 0.000021, 0.094728, -0.058533, -0.993780, -0.845310, 0.522543, -0.111354),
 ["LowerTorso"] = CFrame.new(0.000000, 0.000000, 0.000000, 1.000000, 0.000000, 0.000000, 0.000000, 1.000000, 0.000000, 0.000000, 0.000000, 1.000000),
 ["RightLowerArm"] = CFrame.new(0.000000, 0.000000, 0.000000, 0.613606, 0.789612, 0.000000, -0.789612, 0.613607, 0.000000, 0.000000, 0.000000, 1.000000),
 ["RightLowerLeg"] = CFrame.new(0.000000, 0.000000, 0.000000, 1.000000, 0.000000, 0.000000, 0.000000, 0.382115, 0.924115, 0.000000, -0.924115, 0.382115),
 ["RightUpperArm"] = CFrame.new(0.000000, 0.000000, 0.000000, 1.000000, 0.000000, 0.000000, 0.000000, -0.836840, 0.547447, 0.000000, -0.547447, -0.836840),
 ["RightUpperLeg"] = CFrame.new(0.000000, 0.000000, 0.000000, 0.538902, -0.842368, 0.000000, -0.020865, -0.013348, -0.999693, 0.842110, 0.538737, -0.024769),
 ["UpperTorso"] = CFrame.new(0.000000, 0.000000, 0.000000, 1.000000, 0.000000, 0.000000, 0.000000, 1.000000, 0.000000, 0.000000, 0.000000, 1.000000),
 }},
 {Time = 4.333, Data = {
 ["HumanoidRootPart"] = CFrame.new(0.000000, 0.000000, 0.000000, 1.000000, 0.000000, 0.000000, 0.000000, 1.000000, 0.000000, 0.000000, 0.000000, 1.000000),
 ["LeftUpperArm"] = CFrame.new(0.624075, -1.962123, 0.090662, 1.000000, 0.000000, 0.000000, 0.000000, -0.999999, -0.001082, 0.000000, 0.001082, -0.999999),
 ["LowerTorso"] = CFrame.new(0.000000, 0.000000, 0.000000, 1.000000, 0.000000, 0.000000, 0.000000, 1.000000, 0.000000, 0.000000, 0.000000, 1.000000),
 ["UpperTorso"] = CFrame.new(0.000000, 0.000000, 0.000000, 1.000000, 0.000000, 0.000000, 0.000000, 1.000000, 0.000000, 0.000000, 0.000000, 1.000000),
 }},
 {Time = 4.667, Data = {
 ["HumanoidRootPart"] = CFrame.new(0.000000, 0.000000, 0.000000, 1.000000, 0.000000, 0.000000, 0.000000, 1.000000, 0.000000, 0.000000, 0.000000, 1.000000),
 ["LeftLowerArm"] = CFrame.new(0.028777, -0.657080, -0.000001, 0.999042, -0.043753, 0.000000, 0.043753, 0.999042, 0.000000, 0.000000, 0.000000, 1.000000),
 ["LeftLowerLeg"] = CFrame.new(0.000000, 0.000000, 0.000000, 0.999999, 0.000000, 0.000000, 0.000000, 0.331989, 0.943283, 0.000000, -0.943283, 0.331989),
 ["LeftUpperArm"] = CFrame.new(0.624129, -3.193168, 0.091999, 1.000000, 0.000000, 0.000000, 0.000000, -1.000000, -0.000996, 0.000000, 0.000996, -1.000000),
 ["LeftUpperLeg"] = CFrame.new(-0.000001, 0.000000, 0.000000, 0.525811, 0.850601, 0.000021, 0.094728, -0.058533, -0.993780, -0.845310, 0.522543, -0.111354),
 ["LowerTorso"] = CFrame.new(0.000000, 0.000000, 0.000000, 1.000000, 0.000000, 0.000000, 0.000000, 1.000000, 0.000000, 0.000000, 0.000000, 1.000000),
 ["RightLowerArm"] = CFrame.new(0.000000, 0.000000, 0.000000, 0.613606, 0.789612, 0.000000, -0.789612, 0.613607, 0.000000, 0.000000, 0.000000, 1.000000),
 ["RightLowerLeg"] = CFrame.new(0.000000, 0.000000, 0.000000, 1.000000, 0.000000, 0.000000, 0.000000, 0.382115, 0.924115, 0.000000, -0.924115, 0.382115),
 ["RightUpperArm"] = CFrame.new(0.000000, 0.000000, 0.000000, 1.000000, 0.000000, 0.000000, 0.000000, -0.836840, 0.547447, 0.000000, -0.547447, -0.836840),
 ["RightUpperLeg"] = CFrame.new(0.000000, 0.000000, 0.000000, 0.538902, -0.842368, 0.000000, -0.020865, -0.013348, -0.999693, 0.842110, 0.538737, -0.024769),
 ["UpperTorso"] = CFrame.new(0.000000, 0.000000, 0.000000, 1.000000, 0.000000, 0.000000, 0.000000, 1.000000, 0.000000, 0.000000, 0.000000, 1.000000),
 }},
 },
}
