return {
 ["anim_138153059028477"] = {
 {Time = 0.000, Data = {
 ["Head"] = CFrame.new(0.000001, 0.000000, 0.000001, 1.000000, 0.000000, 0.000000, 0.000000, 0.945001, 0.327066, 0.000000, -0.327066, 0.945001),
 ["HumanoidRootPart"] = CFrame.new(0.000000, 0.000000, 0.000000, 1.000000, 0.000000, 0.000000, 0.000000, 1.000000, 0.000000, 0.000000, 0.000000, 1.000000),
 ["LeftLowerLeg"] = CFrame.new(0.000000, 0.000000, 0.000000, 0.999999, 0.000000, 0.000000, 0.000000, 0.484382, 0.874856, 0.000000, -0.874856, 0.484382),
 ["LeftUpperArm"] = CFrame.new(0.000000, 0.000000, 0.000000, 0.964466, -0.264208, 0.000000, -0.185412, -0.676830, 0.712407, -0.188224, -0.687093, -0.701766),
 ["LeftUpperLeg"] = CFrame.new(0.000000, 0.000000, 0.000000, 1.000000, 0.000000, 0.000000, 0.000000, 0.000000, -1.000000, 0.000000, 1.000000, 0.000000),
 ["LowerTorso"] = CFrame.new(0.000000, 0.000000, 0.000000, 1.000000, 0.000000, 0.000000, 0.000000, 1.000000, 0.000000, 0.000000, 0.000000, 1.000000),
 ["RightUpperArm"] = CFrame.new(0.000000, 0.000000, 0.000000, 0.945135, 0.326680, 0.000000, 0.295044, -0.853608, 0.429305, 0.140245, -0.405751, -0.903159),
 ["RightUpperLeg"] = CFrame.new(0.000000, 0.000000, 0.000000, 1.000000, 0.000000, 0.000000, 0.000000, 0.273161, 0.961968, 0.000000, -0.961968, 0.273161),
 ["UpperTorso"] = CFrame.new(0.000000, 0.000000, 0.000000, 1.000000, 0.000000, 0.000000, 0.000000, 0.472988, -0.881069, 0.000000, 0.881069, 0.472988),
 }},
 {Time = 0.667, Data = {
 ["HumanoidRootPart"] = CFrame.new(0.000000, 0.000000, 0.000000, 1.000000, 0.000000, 0.000000, 0.000000, 1.000000, 0.000000, 0.000000, 0.000000, 1.000000),
 ["LeftUpperLeg"] = CFrame.new(0.000000, 0.000000, 0.000000, 0.999999, 0.000000, 0.000000, 0.000000, 0.713007, 0.701157, 0.000000, -0.701157, 0.713007),
 ["LowerTorso"] = CFrame.new(0.000000, 0.000000, 0.000000, 1.000000, 0.000000, 0.000000, 0.000000, 1.000000, 0.000000, 0.000000, 0.000000, 1.000000),
 ["RightUpperLeg"] = CFrame.new(0.000000, 0.000000, 0.000000, 1.000000, 0.000000, 0.000000, 0.000000, 0.124518, -0.992217, 0.000000, 0.992217, 0.124518),
 }},
 {Time = 1.333, Data = {
 ["Head"] = CFrame.new(0.000001, 0.000000, 0.000001, 1.000000, 0.000000, 0.000000, 0.000000, 0.945001, 0.327066, 0.000000, -0.327066, 0.945001),
 ["HumanoidRootPart"] = CFrame.new(0.000000, 0.000000, 0.000000, 1.000000, 0.000000, 0.000000, 0.000000, 1.000000, 0.000000, 0.000000, 0.000000, 1.000000),
 ["LeftLowerLeg"] = CFrame.new(0.000000, 0.000000, 0.000000, 0.999999, 0.000000, 0.000000, 0.000000, 0.484382, 0.874856, 0.000000, -0.874856, 0.484382),
 ["LeftUpperArm"] = CFrame.new(0.000000, 0.000000, 0.000000, 0.964466, -0.264208, 0.000000, -0.185412, -0.676830, 0.712407, -0.188224, -0.687093, -0.701766),
 ["LeftUpperLeg"] = CFrame.new(0.000000, 0.000000, 0.000000, 1.000000, 0.000000, 0.000000, 0.000000, 0.000000, -1.000000, 0.000000, 1.000000, 0.000000),
 ["LowerTorso"] = CFrame.new(0.000000, 0.000000, 0.000000, 1.000000, 0.000000, 0.000000, 0.000000, 1.000000, 0.000000, 0.000000, 0.000000, 1.000000),
 ["RightUpperArm"] = CFrame.new(0.000000, 0.000000, 0.000000, 0.945135, 0.326680, 0.000000, 0.295044, -0.853608, 0.429305, 0.140245, -0.405751, -0.903159),
 ["RightUpperLeg"] = CFrame.new(0.000000, 0.000000, 0.000000, 1.000000, 0.000000, 0.000000, 0.000000, 0.273161, 0.961968, 0.000000, -0.961968, 0.273161),
 ["UpperTorso"] = CFrame.new(0.000000, 0.000000, 0.000000, 1.000000, 0.000000, 0.000000, 0.000000, 0.472988, -0.881069, 0.000000, 0.881069, 0.472988),
 }},
 },
}
