return {
 ["anim_121752429202047"] = {
 {Time = 0.000, Data = {
 ["Head"] = CFrame.new(0.000000, 0.000000, 0.000000, 1.000000, 0.000000, 0.000000, 0.000000, 0.688713, -0.725034, 0.000000, 0.725034, 0.688713),
 ["HumanoidRootPart"] = CFrame.new(0.000000, 0.000000, 0.000000, 1.000000, 0.000000, 0.000000, 0.000000, 1.000000, 0.000000, 0.000000, 0.000000, 1.000000),
 ["LeftLowerLeg"] = CFrame.new(0.000000, -0.000001, 0.000000, 0.999999, 0.000000, 0.000000, 0.000000, 0.844707, 0.535228, 0.000000, -0.535228, 0.844707),
 ["LeftUpperArm"] = CFrame.new(0.098185, -0.083659, -0.188558, 0.982087, -0.188184, 0.009589, 0.085691, 0.400721, -0.912184, 0.167816, 0.896666, 0.409668),
 ["LeftUpperLeg"] = CFrame.new(-0.000001, 0.000001, -0.000001, 0.807095, 0.474977, -0.350705, 0.052647, -0.649520, -0.758519, -0.588069, 0.593734, -0.549231),
 ["LowerTorso"] = CFrame.new(0.000000, -0.988200, 1.060985, 1.000000, 0.000000, 0.000000, 0.000000, 1.000000, 0.000000, 0.000000, 0.000000, 1.000000),
 ["RightLowerLeg"] = CFrame.new(0.000001, -0.000001, -0.000001, 1.000000, 0.000000, 0.000000, 0.000000, 0.972016, 0.234915, 0.000000, -0.234915, 0.972016),
 ["RightUpperArm"] = CFrame.new(-0.081457, -0.085237, -0.194361, 0.979975, 0.199120, -0.000017, -0.079975, 0.393522, -0.915830, -0.182354, 0.897492, 0.401567),
 ["RightUpperLeg"] = CFrame.new(0.000000, 0.000000, 0.000000, 0.879157, -0.433765, 0.197307, 0.004055, -0.407224, -0.913319, 0.476514, 0.803752, -0.356255),
 ["UpperTorso"] = CFrame.new(0.000000, 0.000000, 0.000000, 1.000000, 0.000000, 0.000000, 0.000000, 0.524554, 0.851377, 0.000000, -0.851377, 0.524554),
 }},
 {Time = 2.333, Data = {
 ["Head"] = CFrame.new(0.000000, 0.000001, 0.000000, 1.000000, 0.000000, 0.000000, 0.000000, 0.551344, -0.834278, 0.000000, 0.834278, 0.551344),
 ["HumanoidRootPart"] = CFrame.new(0.000000, 0.000000, 0.000000, 1.000000, 0.000000, 0.000000, 0.000000, 1.000000, 0.000000, 0.000000, 0.000000, 1.000000),
 ["LeftLowerLeg"] = CFrame.new(0.000000, -0.000001, 0.000000, 0.999999, 0.000000, 0.000000, 0.000000, 0.844707, 0.535228, 0.000000, -0.535228, 0.844707),
 ["LeftUpperArm"] = CFrame.new(0.080645, -0.046300, -0.104952, 0.982101, -0.188107, 0.009623, 0.085694, 0.400743, -0.912174, 0.167730, 0.896672, 0.409689),
 ["LeftUpperLeg"] = CFrame.new(-0.000002, 0.000000, 0.000000, 0.807149, 0.518276, -0.282666, 0.052627, -0.540076, -0.839969, -0.587998, 0.663104, -0.463197),
 ["LowerTorso"] = CFrame.new(0.000000, -0.988200, 1.060985, 1.000000, 0.000000, 0.000000, 0.000000, 1.000000, 0.000000, 0.000000, 0.000000, 1.000000),
 ["RightLowerLeg"] = CFrame.new(0.000001, -0.000001, -0.000001, 1.000000, 0.000000, 0.000000, 0.000000, 0.972016, 0.234915, 0.000000, -0.234915, 0.972016),
 ["RightUpperArm"] = CFrame.new(-0.097489, -0.116930, -0.266651, 0.979995, 0.199021, -0.000052, -0.079960, 0.393489, -0.915846, -0.182252, 0.897528, 0.401531),
 ["RightUpperLeg"] = CFrame.new(-0.000003, 0.000000, -0.000001, 0.879197, -0.409429, 0.243679, 0.004044, -0.505008, -0.863105, 0.476441, 0.759825, -0.442346),
 ["UpperTorso"] = CFrame.new(0.000000, 0.000000, 0.000000, 1.000000, 0.000000, 0.000000, 0.000000, 0.524554, 0.851377, 0.000000, -0.851377, 0.524554),
 }},
 {Time = 4.667, Data = {
 ["Head"] = CFrame.new(0.000000, 0.000000, 0.000000, 1.000000, 0.000000, 0.000000, 0.000000, 0.688713, -0.725034, 0.000000, 0.725034, 0.688713),
 ["HumanoidRootPart"] = CFrame.new(0.000000, 0.000000, 0.000000, 1.000000, 0.000000, 0.000000, 0.000000, 1.000000, 0.000000, 0.000000, 0.000000, 1.000000),
 ["LeftLowerLeg"] = CFrame.new(0.000000, -0.000001, 0.000000, 0.999999, 0.000000, 0.000000, 0.000000, 0.844707, 0.535228, 0.000000, -0.535228, 0.844707),
 ["LeftUpperArm"] = CFrame.new(0.098185, -0.083659, -0.188558, 0.982087, -0.188184, 0.009589, 0.085691, 0.400721, -0.912184, 0.167816, 0.896666, 0.409668),
 ["LeftUpperLeg"] = CFrame.new(-0.000001, 0.000001, -0.000001, 0.807095, 0.474977, -0.350705, 0.052647, -0.649520, -0.758519, -0.588069, 0.593734, -0.549231),
 ["LowerTorso"] = CFrame.new(0.000000, -0.988200, 1.060985, 1.000000, 0.000000, 0.000000, 0.000000, 1.000000, 0.000000, 0.000000, 0.000000, 1.000000),
 ["RightLowerLeg"] = CFrame.new(0.000001, -0.000001, -0.000001, 1.000000, 0.000000, 0.000000, 0.000000, 0.972016, 0.234915, 0.000000, -0.234915, 0.972016),
 ["RightUpperArm"] = CFrame.new(-0.081457, -0.085237, -0.194361, 0.979975, 0.199120, -0.000017, -0.079975, 0.393522, -0.915830, -0.182354, 0.897492, 0.401567),
 ["RightUpperLeg"] = CFrame.new(0.000000, 0.000000, 0.000000, 0.879157, -0.433765, 0.197307, 0.004055, -0.407224, -0.913319, 0.476514, 0.803752, -0.356255),
 ["UpperTorso"] = CFrame.new(0.000000, 0.000000, 0.000000, 1.000000, 0.000000, 0.000000, 0.000000, 0.524554, 0.851377, 0.000000, -0.851377, 0.524554),
 }},
 },
}
